,Alameda County Tmax,Kings County Tmax,Placer County Tmax,Sierra County Tmax,Alpine County Tmax,Lake County Tmax,Plumas County Tmax,Siskiyou County Tmax,Amador County Tmax,Lassen County Tmax,Riverside County Tmax,Solano County Tmax,Butte County Tmax,Los Angeles County Tmax,Sacramento County Tmax,Sonoma County Tmax,Calaveras County Tmax,Madera County Tmax,San Benito County Tmax,Stanislaus County Tmax,Colusa County Tmax,Marin County Tmax,San Bernardino County Tmax,Sutter County Tmax,Contra Costa County Tmax,Mariposa County Tmax,San Diego County Tmax,Tehama County Tmax,Del Norte County Tmax,Mendocino County Tmax,San Francisco County Tmax,Trinity County Tmax,El Dorado County Tmax,Merced County Tmax,San Joaquin County Tmax,Tulare County Tmax,Fresno County Tmax,Modoc County Tmax,San Luis Obispo County Tmax,Tuolumne County Tmax,Glenn County Tmax,Mono County Tmax,San Mateo County Tmax,Ventura County Tmax,Humboldt County Tmax,Monterey County Tmax,Santa Barbara County Tmax,Yolo County Tmax,Imperial County Tmax,Napa County Tmax,Santa Clara County Tmax,Yuba County Tmax,year
3,57.0,59.6,47.4,41.1,38.4,50.9,41.9,41.0,51.7,40.3,67.2,57.5,53.0,62.4,57.1,55.9,52.3,52.3,56.2,57.8,55.5,55.3,62.6,56.5,56.5,50.6,66.7,50.9,46.7,50.9,56.5,45.6,48.0,59.3,58.4,51.3,51.9,39.2,60.3,46.4,54.1,41.3,56.9,60.5,49.6,60.0,61.5,57.4,72.0,55.9,56.2,53.7,200001.0
4,57.7,62.6,49.4,42.5,40.9,51.1,42.3,44.6,54.2,43.0,66.6,58.9,55.0,59.7,59.8,56.5,54.9,54.6,56.4,59.8,56.9,55.6,63.2,59.4,58.1,52.5,64.1,52.4,50.8,53.2,58.1,47.5,49.9,61.1,60.6,52.7,53.6,43.6,59.7,47.5,54.9,42.5,57.5,56.9,52.9,59.9,59.4,58.4,73.4,56.7,57.2,56.0,200002.0
5,63.1,67.7,56.5,50.3,46.4,60.2,50.9,50.8,60.6,50.6,71.1,66.5,63.0,65.1,67.2,62.7,60.9,59.7,61.9,65.2,65.7,60.0,68.8,66.9,64.8,58.4,66.7,60.8,53.9,59.5,61.2,55.0,56.3,66.5,66.9,56.7,58.6,49.8,63.5,53.0,63.4,48.3,61.5,61.6,56.8,64.2,62.6,67.0,77.8,64.8,62.0,63.9,200003.0
6,68.9,77.9,64.4,58.3,54.0,66.8,59.2,60.0,68.7,60.1,83.0,73.7,71.6,73.2,75.4,67.0,69.1,68.6,70.0,73.8,74.3,63.4,81.5,76.5,71.0,66.4,75.5,68.7,60.9,64.8,64.4,63.5,64.2,75.3,75.1,66.0,67.5,60.2,71.3,60.5,71.7,57.9,65.3,68.2,63.9,71.1,68.0,75.2,89.9,71.3,68.3,72.6,200004.0
7,73.3,85.6,69.1,63.1,58.8,71.6,64.3,63.6,73.6,64.8,90.9,78.6,76.1,78.4,80.3,71.0,74.5,75.5,76.8,79.8,79.5,65.4,90.2,81.6,75.6,73.2,80.9,73.5,64.6,67.6,66.2,66.7,68.6,81.7,80.4,73.2,74.9,63.9,78.1,66.2,76.4,65.3,67.8,74.0,66.1,77.2,73.6,80.8,98.0,76.3,73.6,77.4,200005.0
8,80.9,94.2,82.0,76.5,71.0,84.7,77.8,78.2,86.0,79.0,97.3,87.1,89.3,85.4,90.7,76.9,87.0,86.0,85.4,90.1,91.2,69.7,97.7,93.0,83.5,84.8,87.3,87.7,75.5,79.4,68.7,83.2,81.4,91.9,90.4,82.9,84.4,78.2,84.3,78.2,89.2,75.6,72.0,80.2,77.8,83.2,78.8,90.9,103.6,85.4,81.0,90.3,200006.0
9,79.2,94.0,82.6,78.3,73.4,85.2,79.4,79.7,86.6,81.9,100.6,85.6,88.4,87.6,89.7,77.5,87.4,86.7,85.0,89.3,90.8,68.4,100.4,92.3,81.9,85.9,90.2,87.8,77.3,79.5,67.6,82.8,82.6,90.6,89.2,84.3,85.3,81.8,84.9,79.6,88.6,79.0,70.6,82.9,77.7,83.2,80.0,90.4,106.7,85.7,80.3,89.9,200007.0
10,82.6,96.8,85.0,81.1,74.5,88.2,82.1,83.5,89.1,84.1,98.9,89.1,90.9,89.3,91.8,79.9,90.1,88.9,88.1,91.1,93.5,72.0,98.5,93.8,85.5,87.9,91.2,90.4,79.8,81.8,70.6,86.5,84.9,92.8,91.6,85.9,87.1,84.2,88.1,81.6,91.5,78.0,74.0,85.4,80.9,86.2,82.8,93.3,105.2,88.6,83.4,91.6,200008.0
11,81.2,88.4,77.5,72.6,66.8,82.0,73.2,73.4,81.9,73.3,94.3,85.5,84.3,84.6,87.2,79.3,82.6,81.7,83.6,86.0,87.1,73.6,92.9,87.8,83.2,80.9,87.1,83.2,76.8,79.3,74.0,78.7,77.4,86.8,86.6,79.0,79.9,72.1,83.4,74.2,86.0,71.4,75.8,81.1,78.1,83.8,80.2,87.3,101.1,84.9,80.9,84.6,200009.0
12,70.0,77.1,64.9,59.2,53.8,69.3,60.3,60.6,68.8,59.9,78.7,73.5,71.2,71.6,74.5,69.2,69.8,69.8,70.9,73.8,74.4,65.2,76.7,75.2,71.6,67.5,73.4,70.0,63.2,68.0,65.6,65.0,64.5,74.8,74.6,66.1,67.5,59.6,71.5,61.4,72.8,57.1,66.4,68.9,66.0,71.5,69.4,75.1,85.0,72.5,69.8,71.5,200010.0
13,58.8,61.3,51.7,45.7,43.0,55.4,45.7,45.2,55.4,44.8,66.8,60.0,56.1,63.6,59.6,59.2,55.7,54.9,60.3,59.1,59.2,58.0,62.4,60.0,59.4,54.8,66.5,54.9,50.2,55.5,58.8,49.0,51.7,59.6,59.6,52.9,54.2,43.6,63.2,49.3,57.6,45.5,59.4,62.6,52.4,62.9,63.6,59.7,71.6,59.3,59.0,57.5,200011.0
14,57.9,59.3,52.4,46.3,45.2,56.1,44.8,45.6,56.6,44.7,68.4,58.0,56.2,64.8,57.6,58.8,57.3,56.2,61.5,57.4,59.0,58.0,63.0,58.0,57.6,56.7,68.5,56.0,50.6,54.5,58.9,47.0,53.8,58.0,56.9,54.3,55.0,44.0,65.3,51.9,58.1,47.8,59.9,64.2,51.5,64.8,65.4,58.4,72.4,58.4,59.3,56.9,200012.0
15,55.4,57.0,48.6,42.0,38.7,52.0,41.8,43.8,52.5,40.7,60.4,56.1,53.8,57.2,56.1,55.9,52.8,51.1,55.6,55.5,55.4,55.6,55.5,56.5,55.0,50.9,60.1,52.3,49.7,52.6,56.4,46.0,49.5,56.6,55.8,48.9,50.0,41.5,58.8,45.9,54.3,38.7,56.8,56.8,50.9,59.5,59.3,56.4,66.3,56.0,55.5,54.3,200101.0
16,56.4,58.6,47.3,39.9,36.4,51.2,40.4,42.8,51.1,40.5,62.0,58.6,54.0,55.8,58.1,56.4,52.0,50.0,54.5,57.2,56.6,55.8,57.9,58.3,57.2,48.3,60.5,51.4,49.7,52.1,56.8,45.7,47.1,58.4,58.5,48.2,49.4,40.2,56.8,43.0,54.9,36.2,56.6,54.2,51.4,57.8,57.2,57.8,69.2,56.8,55.4,54.7,200102.0
17,65.7,70.7,59.8,54.2,50.9,64.4,54.5,54.4,63.4,54.1,72.6,69.5,66.7,65.9,69.9,65.0,63.8,62.3,64.3,68.1,69.8,62.6,71.0,70.9,67.7,61.4,67.1,65.0,56.4,62.5,62.4,58.9,59.6,69.1,69.6,59.1,61.1,52.7,65.1,56.4,67.5,51.1,63.1,62.4,59.6,66.0,62.7,70.1,79.9,67.6,64.1,67.7,200103.0
18,63.8,71.7,57.6,51.8,47.3,61.6,52.1,53.0,61.6,52.7,75.8,68.8,65.7,66.1,69.7,63.2,62.0,61.3,63.8,68.3,69.8,59.3,73.7,71.3,65.9,59.3,68.2,63.1,55.4,59.2,59.5,57.0,56.9,69.9,69.8,59.0,60.7,52.4,64.8,53.4,66.9,50.9,60.0,61.7,58.7,65.0,62.0,70.1,83.6,66.8,62.7,66.5,200104.0
19,81.5,92.7,79.3,73.2,67.0,82.7,74.5,73.8,84.4,74.9,93.2,87.7,86.6,81.2,90.2,78.9,85.0,83.7,84.1,88.0,89.9,73.5,93.1,91.7,84.6,82.2,81.9,84.8,70.6,77.9,71.1,78.5,78.8,89.6,89.8,79.8,82.2,73.5,83.3,75.0,87.4,70.3,74.0,76.0,74.5,83.0,75.2,90.4,100.9,85.8,80.0,88.2,200105.0
20,82.6,94.7,80.2,74.4,69.0,82.2,75.2,73.3,85.8,76.4,98.1,88.6,86.9,85.1,90.8,79.9,86.7,86.2,87.3,90.5,90.2,72.8,97.7,92.6,85.3,84.6,87.6,84.7,71.5,75.6,71.8,77.7,79.7,92.0,90.8,83.0,85.2,74.6,86.1,77.3,87.2,74.7,74.2,80.3,73.2,85.5,79.7,91.2,105.3,87.1,82.5,88.6,200106.0
21,81.1,96.0,84.6,80.2,73.4,87.8,81.6,82.1,88.6,83.5,98.8,87.2,91.1,86.0,91.3,78.8,89.5,87.0,85.9,90.9,93.0,70.1,98.4,93.7,83.8,86.4,88.6,90.6,78.8,82.1,69.2,85.9,84.1,91.5,91.1,84.7,86.1,83.0,85.2,80.0,91.3,76.8,72.0,81.4,79.6,83.6,80.3,92.5,106.2,87.1,81.6,91.9,200107.0
22,82.7,96.9,87.7,84.1,78.7,89.4,84.8,85.0,90.8,86.9,101.1,89.6,92.7,89.8,93.4,81.4,91.5,89.8,88.4,92.1,94.2,72.5,101.3,95.4,85.8,89.9,91.7,92.1,79.9,83.2,70.8,87.4,87.6,93.1,92.7,87.6,88.6,86.6,87.8,84.1,92.9,82.3,73.4,84.9,80.5,86.1,81.8,94.6,106.3,89.2,82.9,93.7,200108.0
23,79.8,92.0,81.7,77.4,71.6,84.7,78.0,77.7,85.2,77.6,97.4,85.2,87.7,86.4,88.1,77.9,85.7,84.4,83.6,87.4,89.3,70.6,95.9,89.6,82.4,84.1,88.6,86.8,75.6,80.7,69.8,81.8,81.6,88.8,87.7,82.2,83.3,77.1,84.3,77.7,88.2,74.3,72.9,81.9,77.6,82.5,79.5,88.9,104.0,84.2,79.9,87.8,200109.0
24,75.9,83.1,73.7,68.6,63.4,76.5,69.4,66.8,77.9,68.0,87.1,80.0,79.1,78.7,81.1,75.1,78.6,76.1,78.3,80.0,81.9,71.0,84.9,82.5,77.8,76.0,81.3,77.7,66.5,73.6,70.4,70.9,73.7,81.1,81.0,74.2,75.2,66.7,77.7,70.2,80.0,65.9,71.7,74.8,69.3,77.6,73.8,81.8,93.1,78.8,75.6,79.9,200110.0
25,63.7,67.2,56.0,49.7,45.9,57.8,49.5,48.3,60.3,49.2,73.4,65.3,60.8,66.8,65.6,62.0,61.3,60.0,63.9,65.4,63.0,61.8,69.2,65.1,64.3,59.2,70.2,58.0,53.1,57.2,62.8,50.5,55.7,65.6,65.9,58.2,59.2,48.4,65.8,53.6,61.1,49.0,62.7,64.2,54.7,66.2,64.9,65.0,79.5,63.2,63.3,62.3,200111.0
26,54.5,55.3,45.1,38.0,36.7,48.9,39.1,39.2,49.1,37.6,61.4,54.6,50.4,57.9,54.7,54.6,49.7,49.0,53.9,54.4,52.3,54.6,56.3,54.6,54.1,47.4,61.8,48.3,47.0,50.0,56.1,42.6,45.6,54.8,54.8,47.2,48.1,37.1,57.1,42.5,50.9,37.3,55.9,57.3,49.2,57.3,58.3,54.2,66.1,53.6,54.5,51.3,200112.0
27,54.3,53.3,46.7,40.5,38.2,50.6,40.9,40.5,50.1,39.0,64.1,54.4,51.2,60.0,53.5,55.2,50.5,49.2,54.3,52.9,53.6,54.2,59.0,53.7,53.9,49.9,63.5,50.1,46.8,51.2,55.3,44.2,47.7,53.3,53.6,47.8,48.2,38.7,57.4,45.1,52.7,39.6,55.6,59.0,48.7,57.1,59.3,54.4,68.6,54.4,54.3,51.7,200201.0
28,61.0,65.4,55.2,49.4,45.5,57.9,48.6,49.2,58.9,47.8,71.0,62.9,60.8,66.6,63.1,61.2,59.1,58.8,63.1,62.3,62.9,59.9,67.1,63.2,61.8,58.0,69.1,58.9,53.6,58.6,61.4,53.0,55.6,63.1,62.8,56.8,58.1,46.9,65.3,52.8,61.0,48.3,61.7,64.4,55.4,65.3,65.2,63.1,75.2,61.8,61.2,61.4,200202.0
29,61.9,68.3,54.5,47.8,43.7,58.6,48.9,50.3,59.3,48.9,71.0,65.1,61.5,65.0,65.7,60.9,59.6,58.5,62.4,64.4,65.2,59.2,68.2,66.2,63.4,56.3,66.5,59.5,53.4,58.3,60.1,54.4,54.3,66.0,65.6,56.7,58.2,48.1,64.0,51.0,62.7,46.4,60.6,61.7,55.8,64.7,62.4,65.4,77.1,63.2,61.2,62.6,200203.0
30,66.1,76.4,61.4,55.9,51.2,64.8,57.4,58.9,65.1,57.8,79.6,70.7,69.1,69.3,71.9,64.4,65.9,65.8,67.3,71.5,73.3,61.1,78.9,74.4,68.0,63.6,71.2,67.7,59.7,62.6,62.0,63.0,60.4,72.8,72.2,64.0,65.4,57.4,68.5,58.1,70.9,55.8,63.0,64.8,62.4,68.0,65.6,73.0,86.6,68.3,65.2,69.9,200204.0
31,71.9,84.0,69.4,63.3,57.7,72.3,64.3,64.5,74.3,65.2,86.3,77.7,76.7,75.4,80.5,70.4,74.5,73.9,74.7,79.6,79.9,64.7,85.9,81.7,74.7,72.2,77.1,74.8,64.8,68.5,64.1,68.6,68.7,81.1,80.2,71.2,73.1,64.3,75.1,64.8,77.2,62.3,65.9,70.5,66.8,74.5,69.8,80.4,93.7,75.9,70.9,78.1,200205.0
32,78.8,93.0,81.3,75.8,70.5,83.3,77.0,76.8,85.2,78.3,98.0,86.6,88.2,84.0,90.3,77.9,85.5,85.0,84.1,88.7,91.2,70.3,98.2,92.5,82.1,84.0,86.4,86.9,73.2,76.5,68.1,81.0,80.5,89.6,89.0,82.3,83.8,77.1,84.0,77.4,88.6,76.1,70.4,79.2,74.8,82.4,76.8,90.8,105.8,85.6,78.8,89.4,200206.0
33,83.5,98.6,88.4,84.3,78.6,90.7,86.4,87.0,91.9,88.5,101.8,90.1,93.7,89.6,94.9,80.6,92.7,91.2,89.7,93.7,95.8,71.9,102.8,96.6,86.5,91.0,90.6,94.3,82.1,84.5,70.1,90.3,88.0,94.8,93.6,88.9,90.2,88.2,88.7,84.8,94.5,83.2,74.3,84.4,82.7,86.9,82.5,95.3,107.7,89.4,83.6,94.8,200207.0
34,82.7,95.7,85.3,80.8,74.6,89.0,82.6,83.1,89.0,83.2,100.1,88.8,90.9,87.8,92.3,79.9,89.6,88.1,87.7,90.9,93.4,72.0,100.3,93.7,85.5,87.7,90.6,91.2,80.9,83.5,70.9,88.0,85.2,91.7,91.4,85.5,86.8,82.0,86.5,81.6,92.0,79.4,74.3,83.4,82.4,85.6,80.7,92.8,107.0,88.2,82.5,91.8,200208.0
35,82.8,92.2,81.0,75.9,69.1,85.2,77.3,77.9,85.7,77.2,95.7,88.0,88.0,86.2,90.5,80.6,86.3,83.9,86.0,88.8,90.9,74.7,93.5,91.9,85.4,83.0,88.2,87.4,77.6,81.7,72.6,83.4,80.5,89.7,89.7,81.7,82.9,77.0,85.5,76.9,89.2,71.7,76.1,82.4,80.1,84.9,80.9,91.0,102.4,87.2,82.7,88.8,200209.0
36,73.0,79.0,69.7,64.2,57.1,74.8,65.8,66.0,73.8,64.3,80.6,77.1,76.4,72.6,78.4,73.1,74.1,71.5,74.2,76.7,79.5,69.0,78.8,79.5,75.1,70.7,74.7,76.1,66.1,72.5,67.8,71.6,69.5,77.1,77.7,68.4,70.3,63.6,73.2,64.9,78.2,59.6,69.2,68.3,68.6,74.2,69.3,79.2,87.8,76.4,72.4,76.8,200210.0
37,65.2,67.0,59.3,53.2,48.0,63.2,52.7,53.2,63.4,52.1,74.2,66.6,64.6,69.7,66.8,65.5,64.0,62.0,67.2,65.3,67.1,64.2,69.1,67.8,65.7,62.4,72.5,63.3,56.7,62.5,65.4,56.3,59.3,65.6,65.8,59.3,61.0,52.6,69.1,56.8,65.7,49.9,65.9,68.3,58.7,69.6,69.1,67.1,79.3,66.4,65.7,66.0,200211.0
38,56.5,59.4,46.8,40.4,37.7,51.4,42.0,41.8,50.5,41.5,62.6,56.8,52.6,58.7,57.1,56.0,51.5,51.2,54.7,56.5,55.4,56.2,57.4,57.9,56.1,49.1,62.0,50.4,49.1,52.3,58.2,43.5,46.9,57.9,57.2,49.7,50.6,41.5,58.2,44.7,53.9,38.2,57.2,57.7,50.4,58.6,59.3,56.6,68.1,55.4,55.8,54.4,200212.0
39,59.5,56.8,54.8,49.6,49.0,57.1,48.0,47.9,58.0,49.2,72.5,58.0,57.2,68.7,57.6,59.0,57.8,56.0,63.1,57.1,58.2,58.0,67.5,57.0,58.7,58.2,72.1,55.9,53.1,57.1,60.5,49.6,56.3,56.7,57.2,55.2,55.4,48.6,65.2,53.6,57.2,50.0,61.9,68.3,54.9,65.5,67.5,57.9,76.9,58.9,60.7,57.2,200301.0
40,58.8,61.1,51.2,45.6,39.8,55.5,45.8,46.9,55.0,44.5,64.5,61.3,58.3,60.2,61.3,59.7,55.9,54.1,57.8,60.0,60.4,59.0,60.5,61.3,59.8,53.2,63.1,56.2,52.1,56.0,59.8,51.4,51.0,60.7,61.2,51.3,53.0,43.9,60.3,48.4,58.8,41.5,59.0,58.3,54.1,60.7,60.3,61.2,70.5,60.0,58.2,58.9,200302.0
41,64.5,70.5,56.9,50.8,47.3,60.9,51.6,51.3,61.7,51.3,72.4,68.0,63.2,66.8,68.2,63.3,62.3,61.7,64.4,67.6,67.0,61.7,69.3,67.7,66.0,59.7,68.3,61.1,54.7,60.0,62.4,55.8,57.0,68.7,68.6,58.3,60.6,50.4,66.8,54.4,64.2,50.4,62.7,64.1,58.2,66.9,65.0,68.3,79.2,65.8,63.4,64.0,200303.0
42,61.4,69.7,51.5,45.1,41.6,54.3,45.6,47.3,56.7,47.2,73.5,64.7,59.9,63.9,65.2,57.8,57.5,58.5,61.2,65.0,63.1,56.7,70.6,65.9,62.7,55.3,66.6,56.3,54.2,53.9,59.9,50.2,50.7,66.8,66.8,56.1,57.8,47.1,63.7,48.8,60.4,47.4,59.0,60.6,55.4,63.3,62.7,64.8,80.8,61.3,60.2,60.7,200304.0
43,72.5,82.3,69.0,63.4,58.6,71.5,64.6,64.8,73.3,65.2,87.1,78.0,75.6,75.2,79.6,70.6,74.0,72.8,74.6,78.9,78.9,65.6,86.5,81.1,75.0,71.1,77.1,73.3,65.8,67.8,66.1,67.9,68.4,80.2,79.7,70.2,72.0,63.8,75.6,64.9,75.9,63.3,66.6,70.3,66.8,74.6,70.5,80.2,94.0,75.9,72.0,77.0,200305.0
44,79.1,93.8,81.1,76.8,71.1,83.6,78.8,79.6,85.1,80.0,94.5,86.0,88.5,80.5,89.4,76.9,85.6,84.8,84.3,88.6,91.4,69.9,96.3,92.2,81.8,83.9,82.4,88.2,76.2,78.2,69.8,83.8,80.7,89.3,88.9,82.1,84.1,79.2,82.6,77.1,89.4,76.0,71.7,75.6,77.6,82.1,75.6,90.6,102.3,84.7,79.1,89.0,200306.0
45,86.3,100.2,89.4,84.6,78.5,92.0,86.5,87.8,94.1,89.2,102.8,93.3,95.9,91.5,97.5,83.8,95.0,92.6,93.0,96.6,98.6,75.0,103.4,99.0,89.6,92.1,92.2,95.7,82.9,84.9,70.8,90.7,89.4,98.1,96.5,89.5,91.8,88.8,91.5,85.5,96.7,82.7,75.8,87.4,83.5,89.4,84.2,98.4,108.3,92.7,86.6,96.5,200307.0
46,82.6,94.7,82.9,78.4,73.0,86.3,79.6,80.9,87.6,81.3,100.2,88.5,89.0,91.1,91.6,80.4,88.8,87.4,87.8,90.5,92.0,72.8,98.9,92.7,85.0,86.4,92.3,88.5,80.8,81.4,72.9,84.6,83.1,91.4,90.6,85.2,86.2,81.6,88.2,79.7,89.9,78.0,75.1,87.0,81.7,86.5,83.4,92.4,105.4,88.1,83.3,89.7,200308.0
47,83.0,94.2,83.1,78.4,70.9,87.4,79.6,79.8,88.3,79.9,97.4,88.3,89.7,88.1,90.8,81.2,89.4,87.3,86.5,89.6,92.0,75.2,96.4,91.6,85.4,86.9,89.1,89.5,78.2,82.5,75.0,84.4,83.2,90.7,89.9,84.8,85.9,79.6,87.3,79.9,91.0,74.7,77.1,84.0,80.8,86.4,80.9,91.8,103.5,88.1,83.1,89.6,200309.0
48,78.0,85.6,75.8,70.7,64.4,78.7,71.0,68.3,80.8,69.8,90.6,82.6,81.7,82.7,83.8,78.6,81.7,79.3,81.9,82.6,84.7,73.6,88.0,85.4,80.2,78.9,84.6,80.6,67.8,75.0,71.7,73.3,75.9,83.4,83.6,76.5,77.9,68.5,81.9,72.9,82.9,67.8,74.2,78.8,71.6,81.7,77.9,84.9,96.5,81.9,78.2,82.5,200310.0
49,59.6,63.4,51.1,44.0,42.0,53.6,44.3,44.2,55.3,43.4,66.9,60.9,56.6,62.8,61.5,57.9,56.2,55.9,59.6,61.2,59.2,57.7,61.9,61.5,60.0,54.0,66.3,53.7,50.3,53.8,60.0,47.3,50.9,61.9,61.9,53.2,54.8,42.7,62.3,48.6,56.9,43.4,59.8,61.0,53.0,62.9,63.1,60.7,72.4,58.9,59.4,57.9,200311.0
50,55.4,58.6,46.9,39.9,38.7,49.6,39.8,40.8,50.9,39.2,63.5,55.5,51.8,59.7,56.1,54.7,51.4,51.1,55.0,56.0,53.6,54.7,58.0,56.2,54.9,49.1,63.2,49.2,47.8,50.7,56.6,43.5,47.2,57.0,56.4,49.9,50.9,39.0,59.0,44.7,52.0,38.9,57.3,58.3,49.5,58.9,60.0,55.3,68.6,54.0,55.4,53.1,200312.0
51,54.1,53.5,47.7,41.7,39.6,50.7,41.4,41.4,51.2,40.4,64.2,53.8,51.4,60.7,53.6,54.6,51.4,49.6,55.4,53.2,53.6,53.8,59.2,53.8,53.4,49.4,63.4,50.2,47.7,51.2,55.4,43.6,48.6,53.7,53.3,48.1,48.9,40.3,58.6,45.3,52.3,40.5,55.8,59.5,49.6,58.7,60.1,54.0,68.9,53.9,54.6,52.2,200401.0
52,57.2,60.3,48.0,40.7,37.3,51.7,41.2,43.7,53.2,40.5,62.6,59.3,54.3,58.2,59.5,56.4,53.4,51.5,54.9,58.3,57.3,56.2,58.0,59.2,58.1,49.8,61.4,52.2,50.6,52.6,58.1,47.1,47.7,59.5,59.7,49.2,50.8,41.0,57.8,44.1,55.5,37.8,57.1,56.1,52.1,58.3,58.0,59.1,68.9,57.2,56.1,55.6,200402.0
53,70.3,76.1,64.2,58.8,54.7,68.7,58.9,58.7,69.4,58.4,80.6,74.1,71.1,73.2,74.2,70.1,69.9,68.0,71.3,72.6,73.4,68.6,77.8,75.0,72.3,67.1,75.2,69.7,59.7,67.6,67.9,63.8,64.5,74.0,73.6,65.8,67.6,57.6,72.5,61.9,71.9,56.8,68.4,69.8,63.0,72.8,69.0,74.1,86.6,72.9,70.0,72.5,200403.0
54,70.7,79.8,64.6,58.2,53.7,67.8,59.3,61.0,70.5,59.7,79.7,75.0,73.2,72.4,76.9,68.7,70.7,69.9,72.1,75.6,75.3,65.7,77.5,77.5,72.9,67.8,73.7,70.4,63.2,65.8,66.6,64.7,64.5,76.8,76.9,66.8,68.8,59.2,73.5,60.8,73.2,56.0,67.0,68.6,65.7,72.9,69.4,76.2,86.2,72.5,69.8,73.7,200404.0
55,73.1,85.8,70.4,64.1,59.7,73.1,65.1,64.7,76.3,65.7,88.9,79.5,78.3,78.4,82.0,72.0,76.9,76.0,77.0,80.7,81.6,66.3,87.6,83.4,75.8,74.3,80.7,76.1,66.9,69.3,66.3,69.4,70.2,82.3,81.7,73.2,75.0,64.3,77.6,66.9,78.7,64.3,67.8,74.6,68.8,76.8,74.4,82.2,96.1,77.3,73.1,79.5,200405.0
56,77.8,91.8,80.2,74.6,69.8,81.9,76.4,75.9,84.9,77.3,95.1,85.6,87.3,82.4,89.0,77.3,85.7,84.2,83.5,87.7,90.0,69.4,96.3,91.4,81.2,83.6,84.1,86.2,73.9,76.0,68.2,80.6,79.7,88.9,88.3,81.1,82.8,76.0,83.0,76.8,87.8,74.7,70.2,77.6,75.6,81.4,76.1,90.0,102.5,84.6,78.3,88.3,200406.0
57,82.2,97.4,86.1,81.9,76.5,88.5,83.3,84.7,90.2,85.4,100.7,88.3,92.5,88.8,92.6,79.0,91.0,89.9,88.2,92.2,94.0,70.4,101.1,95.5,84.9,89.3,90.6,92.0,82.4,83.4,70.1,88.2,86.2,93.4,91.9,87.5,88.6,85.4,87.6,82.6,92.4,80.6,73.7,84.4,83.3,85.7,82.0,93.6,106.7,87.6,82.4,93.5,200407.0
58,83.0,95.8,85.3,80.4,74.2,88.4,82.2,82.8,89.9,82.7,99.0,89.3,91.6,87.8,92.8,81.8,90.5,88.6,87.7,91.3,93.5,73.3,98.5,95.5,85.7,88.3,89.7,91.1,81.2,83.5,72.5,87.2,85.8,92.2,91.9,85.9,87.1,82.5,87.4,81.9,92.0,77.7,75.3,83.8,83.4,85.9,81.7,94.0,105.7,89.2,83.2,93.1,200408.0
59,82.8,91.4,79.2,74.4,68.3,84.1,75.6,74.4,83.8,75.4,93.9,87.5,86.8,85.9,88.9,82.4,84.7,83.2,85.9,87.6,88.8,76.0,91.8,89.9,85.0,82.2,87.6,85.3,75.0,80.0,75.1,80.1,78.8,88.4,88.7,80.3,82.0,74.2,85.5,75.9,87.0,71.0,77.4,82.9,77.7,85.6,82.1,90.1,100.2,87.6,82.9,86.9,200409.0
60,70.5,76.8,64.4,58.8,52.5,69.3,59.2,60.5,68.4,59.1,78.8,73.7,71.9,72.1,74.6,69.7,69.1,67.2,71.0,74.0,74.9,66.1,76.3,75.8,71.9,66.5,74.1,69.9,64.0,67.5,67.0,65.2,63.7,74.6,75.0,64.9,66.5,58.7,72.0,60.1,72.8,55.4,67.5,69.6,66.8,72.9,69.8,75.2,85.7,72.6,70.1,72.0,200410.0
61,60.1,60.8,53.4,48.0,42.9,58.2,47.7,49.2,56.9,47.1,65.7,61.7,59.7,62.5,61.4,61.2,57.3,54.8,59.6,59.9,61.9,59.8,61.8,62.5,60.6,55.1,64.9,58.6,53.2,58.1,61.1,53.1,53.0,60.0,60.8,53.0,53.9,46.9,61.6,50.0,60.8,44.4,60.8,61.2,55.1,62.4,62.6,62.2,71.4,61.4,60.1,59.8,200411.0
62,56.6,53.9,49.8,44.1,41.5,54.6,43.4,44.6,54.4,42.8,62.9,56.2,55.1,60.2,55.8,57.1,54.5,50.9,57.4,54.6,57.0,56.6,58.1,56.5,55.8,52.5,63.0,54.2,49.2,53.9,57.9,47.3,50.6,54.0,55.1,48.9,49.6,43.0,60.0,48.1,56.3,42.2,58.4,59.8,51.0,60.1,61.4,56.4,67.3,56.5,57.2,55.6,200412.0
63,53.2,53.0,46.6,40.0,38.4,51.5,38.8,43.3,51.2,38.5,62.1,52.0,51.7,59.1,51.8,53.7,51.2,49.0,55.5,51.9,53.0,52.7,57.6,52.0,52.6,50.3,61.9,51.6,47.6,52.3,54.8,46.3,48.1,52.2,51.6,47.6,48.2,41.0,59.5,44.4,52.7,37.2,56.2,58.1,49.9,59.4,60.3,52.5,67.6,52.9,55.2,51.6,200501.0
64,59.2,62.7,51.6,44.0,39.6,55.4,44.7,49.2,57.0,43.8,62.4,61.3,59.5,59.2,62.2,59.2,57.2,55.2,58.1,61.2,60.8,58.3,59.0,62.5,59.9,53.8,60.8,57.2,54.5,56.4,60.3,52.2,51.8,61.9,61.9,52.3,54.1,46.4,59.9,48.3,59.2,39.9,59.4,57.4,55.4,60.8,59.5,61.5,68.5,59.6,58.8,60.0,200502.0
65,64.4,68.2,56.2,50.5,45.6,61.2,51.3,54.3,61.2,51.6,70.8,67.5,64.5,64.2,67.9,63.5,61.4,59.6,62.9,66.1,67.0,62.3,67.6,68.7,65.8,58.2,66.2,62.5,57.7,61.3,63.9,57.7,55.8,67.1,67.5,56.8,58.5,52.1,64.2,52.7,65.2,47.3,63.4,61.6,59.8,65.5,62.7,68.3,77.9,65.5,63.3,65.1,200503.0
66,65.5,72.5,58.4,52.4,48.0,61.3,53.3,54.1,63.7,53.7,77.6,69.5,65.6,69.2,70.5,63.9,64.0,62.2,65.3,69.4,69.1,61.1,74.7,71.3,67.2,60.6,71.3,63.1,57.5,60.2,62.6,57.8,58.0,70.4,70.5,60.4,61.6,53.6,67.3,54.8,66.5,51.0,62.8,65.5,59.9,67.2,65.3,70.7,84.8,67.1,64.9,66.9,200504.0
67,71.6,82.2,66.4,60.2,55.5,68.7,61.5,62.2,71.0,62.0,87.9,76.5,73.3,76.5,78.5,68.8,71.8,72.1,74.9,77.9,77.0,64.3,87.0,79.3,73.6,69.9,79.0,71.2,64.2,66.6,66.1,65.7,65.4,79.9,78.5,69.6,71.6,61.1,75.7,62.5,74.2,61.6,66.6,72.5,67.1,75.3,71.9,78.7,95.3,73.7,71.4,74.9,200505.0
68,75.5,87.4,72.2,66.4,61.5,74.0,67.8,67.2,77.7,68.6,93.1,80.7,79.3,79.4,83.6,71.6,78.4,78.0,79.3,83.5,82.6,66.0,92.9,84.7,77.5,76.6,82.1,77.2,69.1,69.0,67.6,70.6,71.8,84.6,83.5,75.8,77.4,68.2,78.6,69.3,80.1,67.8,68.3,75.2,70.2,78.3,74.2,83.7,101.4,79.0,75.9,81.0,200506.0
69,85.9,100.4,89.5,84.3,79.2,92.0,86.0,85.7,93.7,87.9,102.8,92.9,96.0,90.5,97.4,82.6,94.4,92.9,91.8,96.6,98.2,73.7,103.1,99.9,89.2,92.7,92.0,95.6,82.5,84.9,71.2,89.6,89.2,97.4,96.5,90.0,91.8,87.1,91.4,85.6,96.4,83.7,75.3,85.9,82.5,88.5,83.7,98.4,109.3,92.1,85.7,97.5,200507.0
70,84.5,97.9,87.5,82.2,75.6,90.7,83.9,85.5,92.3,85.6,99.2,91.0,94.0,89.2,95.3,80.6,92.6,90.0,89.7,94.3,96.1,72.6,98.3,97.4,87.6,89.6,90.4,93.7,81.7,85.2,70.2,89.5,87.4,95.2,94.5,87.2,88.6,85.4,89.6,83.0,94.5,78.5,74.6,85.6,82.0,87.6,83.0,96.1,105.7,89.9,84.2,95.0,200508.0
71,77.4,87.0,76.5,71.1,64.6,80.7,72.1,73.4,81.2,73.0,93.0,82.4,83.5,81.6,85.1,75.6,81.6,79.5,80.7,84.5,86.0,69.2,90.4,86.9,79.7,78.8,85.7,82.9,73.3,77.1,68.7,78.4,76.3,85.2,84.8,76.5,78.2,72.8,81.1,72.2,84.6,67.9,71.2,79.0,75.2,80.8,77.3,85.8,100.6,81.8,77.4,83.9,200509.0
72,73.3,78.9,68.3,63.1,57.5,71.5,63.7,62.1,73.5,63.4,82.5,76.7,74.2,74.6,78.0,72.1,73.9,71.4,74.4,77.3,77.3,68.5,79.5,78.6,74.9,70.5,78.1,72.9,62.8,69.2,68.2,66.2,68.2,78.2,78.3,68.6,70.5,62.7,75.1,64.7,75.8,60.8,69.7,72.3,66.0,75.6,72.0,78.2,88.8,75.4,73.0,75.6,200510.0
73,65.7,69.7,58.5,52.6,49.4,61.3,51.8,48.0,64.0,50.2,74.6,68.0,63.5,69.8,68.2,65.1,64.7,63.2,68.0,67.7,66.5,64.0,70.5,67.9,66.2,62.4,73.3,61.4,52.1,58.8,65.2,52.0,59.0,68.4,68.1,61.5,62.6,47.9,70.8,56.8,65.1,53.2,65.4,68.4,54.0,70.7,70.1,68.2,79.4,66.3,66.2,65.2,200511.0
74,57.7,59.5,49.6,43.6,40.3,53.0,43.5,42.7,53.4,41.2,66.3,58.0,54.8,62.7,57.9,56.8,54.0,53.3,58.6,57.4,56.3,56.9,61.4,57.5,57.4,52.7,67.0,52.9,48.9,52.5,59.1,45.0,50.1,58.1,57.9,52.6,52.8,41.4,62.3,48.0,55.1,42.8,59.0,61.8,50.9,61.1,62.9,57.8,70.8,57.0,57.7,55.6,200512.0
75,56.9,57.7,48.7,42.4,39.9,51.8,41.7,40.8,52.0,40.4,65.9,57.6,53.2,61.1,57.3,56.9,52.4,52.4,57.2,56.5,55.4,56.7,60.9,56.4,56.3,51.5,65.6,50.2,47.7,51.8,57.4,43.7,49.3,57.4,57.2,50.0,50.9,39.8,59.9,45.7,53.9,38.7,57.8,60.3,50.3,60.5,61.1,57.6,71.0,56.7,56.7,54.0,200601.0
76,61.1,64.8,53.9,48.2,42.8,58.0,47.5,48.2,58.6,45.9,70.8,63.3,60.8,65.3,64.0,61.1,58.8,57.9,62.1,62.6,63.2,60.4,66.8,64.2,61.9,57.0,68.4,59.0,53.2,57.8,61.1,52.5,54.2,63.4,63.3,56.0,57.2,45.7,64.8,51.4,61.8,45.5,61.7,63.2,54.8,65.3,64.2,63.6,76.1,62.0,61.2,61.4,200602.0
77,56.3,61.1,45.5,38.6,36.1,47.9,38.9,41.2,50.1,40.4,65.4,58.3,52.2,58.0,58.9,53.6,50.6,51.0,54.2,57.9,54.6,53.1,62.8,57.7,57.2,48.0,60.9,48.9,48.7,49.2,56.4,43.8,45.3,59.0,59.7,49.0,50.3,40.6,56.6,42.5,52.3,39.4,55.2,54.7,51.3,57.3,56.2,57.4,73.0,55.0,54.6,53.5,200603.0
78,62.8,69.6,57.2,51.1,48.0,59.3,51.4,54.3,60.9,52.8,75.5,66.4,63.9,65.2,67.8,61.0,60.9,60.5,62.1,66.9,66.5,59.0,74.4,68.7,64.5,58.6,68.7,61.3,57.6,58.6,60.6,56.9,56.8,67.6,67.7,58.2,59.7,53.5,62.8,53.0,64.3,51.2,60.3,60.6,59.0,63.7,61.4,67.1,83.3,63.9,61.8,64.8,200604.0
79,74.6,86.1,72.3,66.5,60.7,74.5,67.6,68.0,76.6,68.0,89.8,79.9,80.1,77.7,82.6,71.6,77.3,76.0,77.0,81.7,82.6,66.7,90.2,84.9,77.2,74.3,79.8,77.8,67.3,71.5,66.6,72.0,71.8,83.2,82.5,73.6,75.2,67.7,77.6,67.8,80.4,64.7,68.4,72.3,69.3,76.6,71.8,83.2,97.7,77.6,73.6,81.2,200605.0
80,81.4,94.3,82.1,76.5,70.3,84.5,78.2,77.2,86.4,79.0,99.6,87.8,89.6,87.2,91.1,79.2,87.2,86.1,85.9,90.6,92.2,72.2,99.4,94.1,84.2,85.2,89.9,88.0,74.7,78.9,70.6,81.3,81.6,91.4,90.8,83.3,85.0,78.3,85.8,78.0,89.6,75.3,72.8,81.9,76.2,84.4,80.2,92.0,107.0,86.7,81.0,90.8,200606.0
81,88.0,100.9,89.5,84.1,76.9,93.1,85.9,86.3,94.3,87.8,103.4,94.1,96.7,93.4,97.8,85.1,95.2,93.5,93.6,97.6,98.6,77.4,103.1,100.4,91.0,93.1,94.5,95.3,82.2,86.6,73.4,90.1,89.5,98.7,97.7,90.3,92.2,88.3,92.6,85.3,96.1,81.7,78.3,89.2,83.1,91.1,87.2,98.4,108.9,93.6,88.1,97.8,200607.0
82,81.5,94.4,84.5,80.0,73.2,87.6,81.9,82.0,88.3,83.0,99.6,87.3,90.6,88.4,91.0,78.9,89.2,87.5,86.4,90.4,92.6,71.1,99.0,93.7,84.0,87.4,90.7,90.5,79.1,82.6,70.0,86.3,84.4,91.1,90.6,84.8,86.1,82.6,85.2,80.7,91.1,77.7,72.8,84.2,79.7,84.2,82.2,92.1,106.1,86.7,81.6,91.4,200608.0
83,80.2,90.7,80.3,75.2,68.0,84.6,76.9,77.5,84.8,77.0,93.6,85.5,86.8,85.5,88.2,78.6,85.7,83.3,84.2,86.9,89.4,71.8,92.1,90.1,83.0,83.2,87.5,86.7,75.7,80.9,70.0,81.5,80.3,87.5,87.7,81.2,82.3,77.0,83.9,76.4,88.0,70.9,72.7,82.0,76.8,82.3,80.3,88.8,99.6,85.0,79.9,87.5,200609.0
84,71.7,76.8,67.4,62.2,56.0,71.8,63.2,64.0,71.8,62.8,81.2,75.1,74.4,74.3,76.0,71.5,72.2,69.7,73.5,75.2,77.0,67.8,78.2,77.8,73.0,69.0,76.6,73.5,65.3,70.7,68.4,68.6,67.2,75.7,75.7,67.1,68.4,62.6,73.3,63.1,75.5,58.3,69.0,71.6,67.5,74.2,72.4,76.6,87.5,74.2,72.4,74.6,200610.0
85,62.2,65.8,54.9,48.6,47.3,57.1,48.4,46.5,59.3,47.8,75.5,63.7,59.1,70.9,64.0,61.6,60.0,59.8,64.3,63.4,62.7,60.4,71.1,63.8,62.6,59.3,74.2,56.5,49.9,56.2,61.3,50.0,55.0,63.9,63.8,58.7,59.6,46.3,68.0,53.6,59.9,51.4,61.5,69.3,54.4,67.0,69.1,63.6,80.8,62.2,62.3,60.4,200611.0
86,57.0,57.8,49.4,42.9,41.5,53.1,42.8,43.0,53.4,41.2,64.6,57.1,53.8,62.2,57.3,56.6,53.8,52.6,58.0,56.4,56.5,56.3,59.5,57.0,56.7,52.1,65.7,52.1,49.0,52.8,57.9,45.7,50.0,57.4,57.5,51.0,51.9,40.6,61.3,47.4,55.0,43.2,58.1,61.8,50.6,60.6,63.0,57.0,68.5,56.4,57.2,54.7,200612.0
87,56.3,56.4,49.5,44.3,39.2,54.9,44.0,43.9,53.5,41.3,61.5,57.7,55.6,59.2,57.5,57.8,54.1,51.2,56.1,56.1,58.8,56.7,57.4,58.5,56.1,51.2,61.2,55.0,47.4,53.2,56.8,48.2,50.0,56.6,57.2,48.1,49.7,41.0,59.1,46.8,57.6,40.3,57.1,58.4,49.2,59.0,60.2,58.8,65.9,57.7,55.9,56.0,200701.0
88,58.0,62.8,50.6,45.2,41.5,52.7,44.9,44.6,55.0,44.4,68.3,60.5,56.6,62.8,60.7,57.0,55.8,54.3,57.8,59.4,59.3,56.5,64.6,61.0,58.8,53.0,64.6,54.2,48.4,52.4,58.1,47.8,50.5,60.7,60.8,52.3,53.7,44.2,60.9,47.9,57.2,43.8,57.8,60.3,50.8,60.2,61.5,60.6,74.2,58.2,57.4,57.4,200702.0
89,67.6,74.5,62.2,56.1,51.6,66.6,56.7,56.9,67.1,57.1,77.2,71.5,69.4,71.3,72.5,67.6,67.4,65.9,68.4,71.2,72.7,64.7,75.6,73.6,69.4,64.3,72.5,67.6,58.5,64.2,64.4,61.4,62.1,71.8,72.2,63.1,65.0,56.2,70.7,58.6,70.3,54.8,65.1,67.2,60.0,70.5,68.2,72.7,83.2,69.9,67.1,70.1,200703.0
90,68.1,76.8,63.0,56.5,51.6,65.9,57.8,58.9,67.2,58.1,79.5,73.1,70.2,71.2,74.5,67.0,68.0,66.6,69.0,73.1,74.4,62.8,79.0,76.0,70.5,64.8,72.5,68.4,59.2,63.3,62.6,63.1,62.3,74.4,74.7,63.9,66.0,57.8,71.3,58.9,71.4,55.5,63.6,66.7,62.1,70.1,67.6,74.9,86.4,71.0,67.0,71.3,200704.0
91,73.6,86.9,73.3,67.7,61.7,75.9,68.9,69.5,77.6,69.7,88.5,80.3,80.7,77.5,83.1,72.4,78.3,77.4,76.9,82.1,84.2,66.2,88.7,85.7,76.6,75.7,79.1,78.9,67.3,71.8,65.5,73.3,72.7,83.8,83.0,74.2,76.3,69.4,77.8,68.7,81.2,66.3,67.5,72.4,69.0,76.2,72.1,84.0,95.5,78.6,73.1,81.8,200705.0
92,79.4,92.8,80.4,74.5,69.5,82.1,75.9,74.7,85.4,77.3,97.2,86.2,87.2,84.5,89.7,77.8,85.6,85.0,83.8,88.6,90.1,70.2,97.7,91.8,82.5,84.0,86.5,85.8,71.6,75.9,68.8,79.1,80.1,90.1,88.8,82.0,83.8,76.1,84.5,76.7,87.4,75.5,71.5,79.2,73.5,82.5,77.5,90.2,104.4,85.1,79.3,88.2,200706.0
93,82.4,96.8,87.2,83.0,77.9,88.7,84.4,84.1,91.0,87.4,101.5,89.1,92.6,90.7,93.4,81.0,91.3,90.3,88.8,92.3,94.8,71.6,102.9,95.8,85.3,89.7,91.6,92.3,78.8,82.5,71.0,87.1,87.2,93.2,92.3,87.8,88.9,87.6,88.2,83.5,92.5,83.3,73.5,85.7,81.3,86.4,82.5,94.1,107.4,89.0,82.9,93.5,200707.0
94,83.6,97.1,86.5,81.8,75.8,89.1,82.9,83.0,91.2,84.6,101.5,90.0,92.3,91.1,93.7,81.6,91.7,89.8,88.9,92.8,94.7,73.0,100.8,95.7,86.3,89.5,93.0,91.4,79.0,83.4,71.6,87.1,86.7,93.7,92.8,87.3,88.5,84.4,88.7,82.8,92.1,80.0,74.9,86.5,81.3,87.3,83.2,94.4,107.5,89.5,84.0,93.0,200708.0
95,77.7,86.7,75.6,70.5,64.5,79.6,72.3,72.9,79.5,72.7,92.5,82.5,82.3,82.4,84.0,76.4,80.3,79.1,80.2,83.6,84.8,70.1,90.5,85.6,79.6,78.1,85.1,81.2,73.8,76.4,70.7,78.2,75.1,84.7,84.2,76.6,77.7,72.6,80.5,71.4,83.0,68.1,73.0,78.9,76.0,80.6,78.3,84.6,99.3,82.0,78.0,82.2,200709.0
96,70.7,76.6,64.5,58.7,55.0,67.2,58.6,57.1,69.7,58.1,83.2,73.4,70.4,76.0,74.5,68.4,71.0,69.6,72.6,74.9,73.5,65.7,79.6,74.7,71.8,69.0,79.2,68.3,60.8,64.9,67.0,60.9,64.7,75.7,74.9,67.1,68.4,57.8,73.9,62.5,71.5,59.1,67.8,73.4,63.4,73.8,73.3,74.0,89.1,72.2,71.3,71.0,200710.0
97,65.9,68.8,60.8,55.2,51.8,64.4,54.2,51.9,65.3,52.8,76.2,68.5,66.5,70.6,69.0,65.6,66.6,64.4,67.8,68.2,69.1,64.3,72.2,69.6,66.8,64.5,73.1,64.6,54.8,61.8,64.2,56.0,61.1,68.9,68.8,62.0,63.6,51.6,69.9,59.4,67.6,53.9,65.0,67.8,57.4,69.6,68.6,69.3,81.0,67.5,65.9,67.4,200711.0
98,54.2,54.8,45.6,39.2,37.8,49.8,39.5,38.5,49.1,37.2,60.0,55.2,51.3,57.8,54.7,54.5,49.5,48.8,53.7,54.1,54.0,54.1,54.9,54.8,54.1,47.8,60.9,49.1,45.5,49.0,55.0,42.6,45.8,55.0,54.9,46.6,48.0,35.3,57.0,43.5,52.4,38.6,55.3,57.1,46.9,57.3,58.6,55.1,64.4,54.3,53.5,51.5,200712.0
99,52.6,55.6,44.0,37.0,35.8,47.6,36.9,37.5,47.8,35.3,60.0,52.7,49.6,56.4,53.2,52.5,48.6,48.1,53.0,52.6,50.9,52.1,54.8,52.1,51.8,46.6,59.7,47.2,44.2,48.5,53.3,41.5,44.8,54.0,53.1,46.7,47.6,35.0,56.2,42.0,49.8,35.0,53.8,55.1,46.5,56.6,57.5,52.5,65.5,52.0,52.8,49.4,200801.0
100,58.5,61.8,51.6,44.5,42.9,56.1,44.0,46.3,56.1,44.2,66.5,60.6,56.9,61.9,60.9,58.8,56.1,54.4,58.1,59.8,60.3,58.1,63.1,60.8,59.5,54.0,64.2,56.3,50.2,55.5,58.3,50.1,52.1,60.3,61.1,52.0,53.8,43.7,60.7,48.5,58.8,42.4,58.4,59.3,51.8,60.7,60.6,60.5,73.1,59.6,57.9,58.1,200802.0
101,63.5,70.1,56.5,50.0,46.3,59.8,49.8,49.0,61.8,48.7,75.0,67.3,63.9,68.3,68.0,63.0,62.1,60.8,63.7,66.5,67.2,60.6,71.5,69.1,65.2,59.3,70.4,61.5,51.9,58.2,61.2,54.7,56.6,67.9,67.9,58.5,60.2,47.6,66.2,53.6,64.5,48.6,61.8,65.4,55.3,66.1,65.5,68.4,81.3,65.5,63.0,64.9,200803.0
102,67.5,75.8,61.4,54.5,50.3,64.4,55.5,54.7,67.1,55.0,80.4,72.6,69.2,72.4,73.9,66.5,67.5,66.5,68.3,72.6,72.5,63.0,77.9,74.9,69.7,65.1,74.2,67.0,56.7,62.8,63.1,59.8,61.4,73.7,74.1,64.2,65.5,53.9,70.4,58.1,70.0,54.2,64.3,68.7,59.7,69.3,68.4,74.0,86.9,70.2,67.0,70.4,200804.0
103,73.7,83.4,70.3,63.6,56.7,74.4,65.2,65.9,75.5,65.2,83.7,79.9,79.3,74.1,82.3,72.2,75.8,73.7,74.7,80.8,82.2,66.4,82.8,84.1,76.6,72.1,75.4,77.1,66.8,71.0,65.7,70.9,69.5,81.3,82.0,70.2,72.2,64.4,75.0,64.8,79.9,59.8,68.0,70.2,68.4,74.5,70.7,82.5,91.2,78.0,72.7,80.1,200805.0
104,81.1,93.7,81.0,75.0,68.7,83.8,76.3,75.2,86.3,76.5,99.7,87.8,88.0,86.9,90.6,79.5,87.0,85.4,85.1,89.7,91.0,72.5,98.2,92.6,84.4,84.6,88.9,86.5,72.7,78.2,70.3,79.9,80.8,91.1,90.0,82.4,84.3,74.6,86.0,76.9,87.9,73.6,73.2,82.1,74.0,83.8,79.8,90.9,106.8,86.8,81.2,89.4,200806.0
105,83.1,97.8,87.5,82.7,76.6,89.8,84.0,83.7,91.5,86.2,100.7,89.8,92.9,89.6,93.7,81.1,92.2,90.0,89.3,93.1,95.5,72.0,101.2,96.6,86.3,89.8,90.6,92.5,79.9,83.9,69.8,86.4,87.4,94.3,93.2,87.4,89.2,85.3,89.2,83.5,93.2,82.0,74.2,84.7,80.2,86.5,82.0,94.7,106.8,89.6,83.7,94.3,200807.0
106,84.6,99.3,87.6,83.1,76.4,90.5,84.8,83.2,91.9,85.5,100.2,91.4,93.3,90.2,94.6,83.4,92.4,90.4,90.2,93.5,96.2,74.8,100.6,97.1,88.0,90.0,91.1,92.8,79.0,84.5,71.8,87.2,87.7,94.9,94.2,88.2,89.8,84.5,89.6,83.8,93.8,81.4,75.3,85.7,80.8,87.8,83.6,95.9,105.2,91.2,84.7,94.2,200808.0
107,82.6,93.2,82.7,78.1,70.7,85.9,79.3,80.2,87.2,79.6,97.0,87.7,89.1,87.5,90.4,80.3,88.0,85.6,86.2,89.5,91.7,74.5,95.2,92.3,84.9,85.6,89.4,88.8,80.1,82.6,73.2,85.1,82.7,90.6,89.8,83.1,84.4,78.7,86.4,78.5,89.6,72.8,75.9,83.4,80.4,85.7,81.8,90.7,103.1,87.1,82.7,89.6,200809.0
108,75.8,81.8,70.5,64.6,58.7,74.1,64.9,64.3,75.2,64.3,87.2,79.3,76.9,80.8,80.2,75.6,76.2,73.8,78.5,79.2,79.8,72.1,83.2,80.8,77.2,73.4,84.0,74.9,64.5,71.5,71.3,68.2,70.5,79.9,79.7,71.6,73.1,64.1,79.8,67.0,77.8,61.4,72.9,77.8,66.8,80.0,78.0,80.1,92.6,78.7,76.4,77.8,200810.0
109,64.8,68.0,59.4,53.8,50.1,62.4,52.7,52.2,63.1,53.3,76.6,66.9,64.6,71.2,67.4,64.7,64.2,62.2,67.0,66.8,67.7,62.9,71.5,68.1,65.4,62.2,74.8,63.5,55.1,60.6,64.5,54.8,59.4,67.7,67.5,59.8,61.8,53.2,69.2,57.2,66.0,52.7,64.1,68.8,57.4,69.7,69.9,67.2,81.5,65.8,65.3,65.4,200811.0
110,53.8,52.7,47.2,41.8,40.5,50.5,41.1,41.0,50.1,40.6,61.2,53.8,51.0,57.7,53.0,53.6,50.6,48.9,55.0,52.3,53.9,53.4,56.0,53.7,53.2,49.3,61.5,50.8,44.8,49.6,55.2,43.9,47.8,52.9,52.8,46.8,48.1,39.0,58.2,45.1,53.2,41.0,55.2,57.0,47.1,58.2,59.0,53.9,66.6,53.5,54.5,51.3,200812.0
111,59.2,57.8,53.8,47.5,44.8,59.4,46.4,47.1,56.8,45.4,68.2,60.0,59.0,65.0,58.9,61.3,57.1,54.3,61.3,58.0,62.0,60.1,63.0,60.6,58.5,55.1,68.0,59.7,52.1,57.7,60.4,51.9,54.3,58.3,58.7,52.3,53.9,45.0,64.3,50.7,61.4,46.0,61.8,63.8,53.4,65.0,66.4,60.8,72.8,61.0,60.4,59.2,200901.0
112,57.0,61.6,49.4,42.9,39.8,51.2,42.8,44.7,54.2,43.1,65.4,59.0,55.1,59.6,59.9,56.4,55.0,53.1,56.5,58.7,58.1,55.7,60.7,60.1,57.6,51.6,63.4,52.6,49.2,52.7,58.0,47.6,49.4,60.0,59.9,50.6,52.4,43.4,59.9,46.3,56.0,41.3,57.6,56.8,51.6,60.1,59.3,58.9,72.5,56.5,56.5,56.1,200902.0
113,62.0,68.5,54.0,47.8,44.1,58.6,48.2,48.8,59.3,48.1,73.4,65.6,61.8,65.3,66.2,61.7,59.8,58.8,61.4,64.7,65.3,59.4,70.0,66.6,63.5,57.0,68.4,59.7,52.4,57.5,60.0,54.3,53.9,66.0,66.6,56.6,58.2,46.9,64.2,51.3,62.8,47.5,60.2,61.1,55.2,64.1,62.5,66.2,80.2,63.6,60.9,62.5,200903.0
114,67.3,76.0,61.4,55.7,50.3,65.2,56.7,57.9,66.0,55.8,78.0,72.3,69.9,70.1,73.5,66.7,66.6,65.7,67.7,72.2,73.8,62.9,76.0,75.4,69.4,63.7,71.5,67.6,59.7,63.0,64.0,62.0,60.8,73.5,73.4,62.8,64.7,55.6,69.7,57.4,71.1,53.5,64.5,65.6,61.3,69.1,66.6,73.9,84.9,70.1,66.5,70.2,200904.0
115,75.0,89.4,74.0,68.3,62.4,76.4,69.7,69.4,79.0,70.4,92.6,80.9,81.6,80.6,84.5,72.2,80.4,79.4,78.8,83.9,85.1,66.5,92.4,86.6,77.6,77.9,82.2,79.7,67.9,71.9,65.8,73.2,73.8,85.5,84.4,77.0,78.8,68.9,80.4,70.3,82.3,67.5,68.2,75.9,69.4,78.0,74.4,85.0,100.2,78.4,74.4,82.4,200905.0
116,77.0,89.5,75.8,69.8,62.7,79.5,71.2,72.7,80.8,71.6,90.1,83.2,83.7,77.7,86.3,74.8,81.6,78.6,80.0,85.3,87.2,68.5,89.9,88.8,79.3,77.5,80.5,82.1,73.3,75.0,68.4,77.0,75.0,86.0,85.8,76.1,77.6,72.0,79.0,70.3,84.0,66.1,69.9,73.3,73.8,79.4,74.6,87.2,98.3,81.9,77.0,84.5,200906.0
117,82.7,100.2,87.8,82.8,76.3,91.3,84.7,86.4,92.7,86.3,103.6,90.1,94.1,91.5,94.4,80.1,93.5,91.6,90.2,93.6,97.1,71.1,103.6,97.8,86.2,91.5,93.1,93.9,81.5,85.6,68.6,90.5,87.9,95.5,93.6,89.6,90.9,85.8,90.4,84.0,94.2,81.3,73.1,86.2,82.4,87.2,83.2,95.7,110.5,89.7,83.6,95.3,200907.0
118,83.8,96.7,85.0,79.9,72.7,88.8,82.0,82.8,90.2,83.2,101.0,90.0,91.0,89.8,93.0,81.5,91.0,88.4,89.0,92.3,94.3,74.2,99.6,95.2,86.6,87.9,92.2,91.0,80.6,83.9,72.5,87.1,85.1,93.3,92.2,85.7,87.2,82.8,88.6,80.8,92.1,77.0,75.6,85.1,82.2,87.5,82.7,94.1,107.6,89.5,84.4,92.2,200908.0
119,84.4,94.2,83.6,78.9,71.6,87.6,80.4,79.8,88.1,80.6,97.9,89.9,89.6,89.3,92.0,83.4,88.9,86.8,88.2,90.7,92.8,77.1,96.4,93.6,87.5,86.3,90.8,88.8,77.9,83.4,73.5,84.6,83.6,91.8,91.3,84.2,85.6,80.4,88.2,79.6,90.5,75.2,75.7,85.2,80.6,87.0,82.8,92.9,104.1,89.7,84.1,90.6,200909.0
120,71.0,75.7,65.6,59.7,54.7,69.0,60.7,59.5,69.7,59.5,81.1,74.0,71.3,75.0,74.9,70.4,70.3,68.2,72.1,73.9,74.6,66.8,77.8,75.3,72.4,67.5,77.8,70.0,62.2,67.4,67.0,64.4,65.4,74.2,74.7,65.4,67.1,58.5,73.1,61.5,72.5,56.8,68.7,71.7,65.2,73.3,72.4,74.6,87.5,73.0,71.2,72.2,200910.0
121,63.3,66.4,57.8,52.2,49.0,60.1,51.2,48.9,62.0,50.4,75.0,65.7,62.6,69.9,66.0,63.6,62.6,61.2,65.3,65.6,65.3,62.7,70.4,66.2,63.7,60.8,73.1,60.6,52.6,58.6,63.5,52.5,58.0,66.1,66.2,59.3,60.3,49.3,67.7,55.6,63.5,51.5,63.0,67.0,54.9,67.8,68.4,66.1,79.8,64.2,64.0,63.8,200911.0
122,54.1,55.4,46.4,39.1,37.9,50.2,38.4,40.0,50.7,36.7,61.2,54.0,51.3,58.2,54.0,53.6,51.2,49.9,54.7,53.9,53.0,53.5,55.7,53.8,53.5,49.1,61.4,49.5,45.9,50.2,54.5,43.6,46.8,54.9,54.2,47.7,48.8,37.5,57.9,44.5,52.0,37.2,55.1,57.1,48.2,57.5,58.8,54.1,66.2,53.4,54.6,51.9,200912.0
123,54.8,55.3,48.3,42.8,40.8,51.1,41.8,43.3,52.6,40.8,64.2,53.9,52.0,60.9,54.2,54.4,53.6,51.1,57.0,54.0,53.5,53.6,59.0,53.8,53.9,51.5,64.8,50.2,48.9,52.3,55.6,46.4,49.5,55.0,54.4,49.5,50.1,42.4,60.2,46.8,52.5,39.5,56.9,59.8,51.6,60.4,61.7,53.9,69.3,53.6,56.0,52.6,201001.0
124,58.2,60.7,51.2,45.6,42.1,54.0,45.0,46.2,55.2,45.6,65.4,60.1,56.6,60.7,60.6,58.1,55.6,53.1,57.3,59.3,58.7,57.5,61.3,60.5,59.0,52.3,63.3,54.2,51.7,54.7,58.4,49.7,51.2,60.7,60.4,50.8,52.3,45.4,59.5,47.4,56.8,41.9,58.1,57.6,53.4,60.1,59.6,60.2,71.3,58.4,57.8,57.8,201002.0
125,62.6,67.4,54.5,49.0,44.7,58.3,49.2,50.0,59.7,49.3,70.4,65.5,61.6,65.6,65.5,61.2,60.4,58.6,62.3,64.1,64.6,60.4,67.2,66.2,63.8,57.2,66.9,59.2,53.5,57.6,61.8,54.2,54.4,65.5,65.6,56.1,57.9,49.1,64.3,51.7,62.4,46.0,62.0,62.5,56.6,64.9,63.9,65.4,76.7,63.4,62.1,62.5,201003.0
126,63.0,69.0,55.4,49.2,45.7,58.6,49.6,50.9,59.6,50.9,74.9,66.3,62.0,66.1,66.8,61.1,60.4,59.1,62.1,65.8,65.9,59.0,72.6,67.8,64.4,57.7,68.3,60.1,55.4,57.4,61.2,54.7,54.8,66.4,67.3,57.8,58.6,51.2,64.3,51.9,63.4,48.9,61.2,61.4,57.5,64.4,62.6,66.4,81.4,63.9,62.4,63.3,201004.0
127,68.6,77.6,62.0,55.6,50.2,65.1,56.4,57.2,66.8,57.3,82.8,73.4,70.4,72.2,74.8,65.9,67.6,66.9,70.6,73.8,73.5,61.7,80.3,75.9,70.7,64.7,74.1,67.1,60.5,61.9,63.2,60.8,61.2,74.9,75.2,64.6,66.3,56.7,71.9,57.5,71.0,54.6,64.0,68.7,62.2,71.0,69.0,74.6,90.7,71.0,67.9,71.3,201005.0
128,78.2,91.5,76.8,70.5,64.6,79.6,72.0,70.9,82.1,72.8,94.8,84.4,84.5,81.6,87.9,76.1,83.3,82.1,82.3,87.0,87.9,69.4,95.4,89.9,80.8,80.9,82.9,82.4,70.6,73.9,67.6,75.5,76.4,88.2,87.5,79.7,81.6,70.8,82.6,73.1,85.2,71.1,69.9,76.3,71.3,80.8,74.9,88.1,102.8,83.0,78.0,85.7,201006.0
129,80.9,97.4,86.4,81.8,75.7,89.1,84.1,85.8,90.8,86.4,100.6,87.3,92.7,87.2,92.7,76.7,91.5,89.9,87.0,92.2,94.9,68.2,102.0,95.8,83.6,89.5,88.5,93.0,81.4,83.0,67.2,89.5,86.6,93.2,92.0,87.3,88.9,85.4,85.9,82.6,92.7,80.7,71.0,81.7,81.1,83.7,79.4,93.6,108.2,86.8,81.2,93.6,201007.0
130,79.9,95.1,83.0,78.0,71.5,86.7,79.9,81.8,87.4,81.7,99.9,86.0,89.3,87.8,89.9,77.1,88.1,86.8,85.8,89.2,92.0,69.7,99.0,92.5,82.7,86.0,90.2,89.2,79.2,81.9,68.6,86.0,82.9,90.6,89.3,84.6,85.9,81.1,85.5,79.2,89.8,77.3,72.1,82.9,80.2,83.5,80.3,90.9,106.8,85.4,81.0,89.9,201008.0
131,81.8,90.6,80.7,75.7,69.9,84.2,76.9,75.3,85.5,77.5,97.0,86.7,87.0,86.6,89.1,81.2,85.8,84.2,85.7,88.0,89.4,74.9,95.6,90.0,83.8,83.7,88.7,85.9,75.1,79.8,72.7,80.3,80.8,88.6,88.4,81.4,83.1,76.1,85.7,77.1,87.3,74.3,75.2,82.4,77.1,84.8,80.9,89.4,104.3,86.4,82.3,87.4,201009.0
132,72.4,79.2,67.1,60.8,54.4,70.4,62.3,62.6,71.6,61.6,80.9,75.4,74.0,72.8,76.9,70.5,72.5,70.1,73.8,76.2,75.7,67.1,78.6,77.1,73.9,68.9,74.9,71.4,64.1,68.7,67.5,66.2,66.7,77.7,77.0,67.6,69.4,62.2,73.8,62.6,74.0,57.2,69.1,69.9,66.7,74.8,70.9,76.7,87.1,73.8,72.7,74.9,201010.0
133,62.0,64.6,54.2,47.5,44.3,58.2,47.6,46.4,57.6,46.5,70.5,64.4,60.0,65.1,63.7,62.1,58.0,57.6,62.6,62.6,63.7,61.0,65.7,64.4,62.4,56.4,68.2,58.3,50.8,56.4,62.7,50.5,53.8,64.0,63.4,54.8,56.8,45.4,64.6,51.1,61.9,46.6,62.5,63.8,52.9,65.1,64.8,64.8,75.8,63.1,61.6,61.0,201011.0
134,56.2,57.9,47.8,41.6,40.5,50.2,41.0,41.1,52.4,41.0,65.1,56.0,52.8,60.3,56.8,54.5,52.6,52.0,55.9,56.2,55.1,54.8,60.0,56.5,55.5,50.5,64.9,49.4,48.1,51.0,56.6,44.8,48.6,56.8,57.1,49.8,50.8,39.9,59.5,45.6,53.1,41.5,57.3,58.9,49.5,59.1,60.2,56.1,70.6,54.3,56.1,53.3,201012.0
135,56.6,52.4,51.6,46.6,45.0,56.9,45.7,46.3,54.1,44.7,65.6,55.3,55.0,62.4,54.4,58.2,54.2,51.3,59.2,52.7,57.0,56.7,60.0,54.9,55.5,52.4,66.5,56.1,50.7,56.6,57.9,50.4,52.8,52.4,53.7,49.4,50.6,44.2,62.2,47.8,56.4,44.2,59.1,61.8,52.9,63.1,63.6,55.5,70.3,57.1,58.4,55.8,201101.0
136,57.4,60.0,48.9,42.0,38.7,53.7,42.7,44.1,53.8,42.2,63.3,59.8,55.7,58.9,59.7,57.6,54.2,52.6,56.4,58.1,59.2,57.2,59.8,60.2,58.3,51.1,61.5,54.7,50.0,53.5,58.1,48.6,49.2,59.0,59.7,50.2,51.9,41.4,58.7,45.5,57.7,39.9,58.0,56.2,51.0,59.4,58.6,59.8,68.8,58.1,56.4,56.6,201102.0
137,59.8,64.7,50.0,43.2,41.8,53.2,42.9,44.7,55.7,44.5,72.7,61.7,56.0,64.6,62.1,57.0,56.1,56.0,59.5,61.8,60.0,56.8,69.3,61.8,60.4,53.5,67.8,54.0,49.2,52.8,59.4,47.8,50.3,62.8,63.4,53.8,55.5,43.4,61.6,47.3,57.7,44.5,59.6,60.8,52.5,62.2,61.7,61.4,80.2,59.0,59.2,56.9,201103.0
138,64.7,73.5,57.6,50.9,47.0,61.4,51.1,51.0,63.0,51.2,78.7,69.2,66.0,69.6,70.1,63.3,64.3,63.3,65.9,69.5,69.8,60.1,76.1,71.5,66.4,61.5,72.1,62.9,53.8,59.4,62.0,56.2,57.4,70.8,70.6,60.9,62.7,49.9,68.2,54.8,66.8,51.6,62.3,65.5,57.0,67.7,66.5,70.5,86.1,67.1,64.5,66.5,201104.0
139,67.9,78.5,62.7,56.3,51.4,67.1,57.3,58.3,67.5,57.6,82.4,73.4,70.2,72.6,74.3,67.0,68.0,68.0,70.6,73.9,75.3,61.2,80.8,76.9,70.5,65.8,74.4,67.9,61.0,64.0,62.6,62.5,62.4,75.3,74.5,65.3,67.2,57.8,71.1,58.5,71.5,56.1,63.5,69.2,63.2,71.0,68.3,75.2,90.0,71.3,67.8,71.6,201105.0
140,75.7,87.2,72.8,67.4,62.2,76.3,68.7,69.5,77.2,69.8,93.9,80.3,79.6,79.5,83.4,72.0,78.2,77.5,79.0,83.2,83.7,65.6,93.4,84.8,77.9,75.4,82.8,78.8,71.0,71.9,66.8,74.4,71.8,84.2,83.5,76.1,77.4,69.2,78.6,68.9,80.8,68.0,68.6,74.2,71.7,78.1,73.0,83.3,102.5,78.4,74.7,80.6,201106.0
141,81.3,95.2,82.3,77.8,71.8,85.4,80.0,79.1,86.7,81.5,99.4,86.9,89.2,87.4,90.7,76.8,88.0,87.3,86.7,91.1,91.4,68.9,98.9,92.4,83.4,85.7,89.5,88.4,77.9,80.0,69.2,83.1,81.6,91.6,90.4,84.8,86.2,81.1,85.8,78.6,89.5,77.9,72.5,83.5,78.8,84.4,81.1,91.4,106.8,85.8,81.8,90.0,201107.0
142,81.5,95.8,84.7,80.3,73.8,87.7,81.9,83.1,88.7,83.5,102.9,87.3,91.2,90.0,92.4,78.2,89.6,89.1,86.0,91.5,92.1,69.5,101.7,93.4,84.4,88.0,92.4,90.8,80.4,83.1,68.4,86.6,84.5,92.4,91.6,86.5,87.7,83.9,87.1,81.0,91.2,79.8,72.0,85.8,79.8,83.9,81.8,92.4,110.0,85.9,81.3,91.9,201108.0
143,83.6,92.7,83.4,78.3,70.3,87.9,79.6,80.4,87.2,80.2,95.7,88.9,90.6,86.2,92.0,82.3,88.2,85.5,85.9,90.8,91.8,74.6,94.2,92.9,86.0,84.7,87.8,90.4,77.3,83.9,72.1,84.8,83.0,91.1,91.0,83.3,84.1,80.7,86.4,78.0,91.5,72.9,75.1,82.0,79.5,84.6,80.8,92.5,103.0,88.3,83.3,91.0,201109.0
144,74.1,80.0,68.2,62.4,57.6,71.5,63.0,61.6,71.7,63.8,85.5,76.8,73.7,77.9,77.7,72.2,72.9,72.0,76.5,77.6,76.7,68.8,82.6,77.7,75.2,70.9,80.4,72.3,64.0,69.7,70.3,64.8,67.5,77.8,78.0,69.8,71.5,63.5,77.0,64.5,74.8,61.4,71.8,74.3,66.3,77.4,75.2,77.7,92.3,75.2,74.5,74.6,201110.0
145,60.6,62.8,54.9,48.0,46.8,56.7,47.3,47.7,59.0,47.6,69.0,61.7,58.8,64.3,62.6,60.2,59.4,57.0,60.7,61.4,60.9,58.6,64.5,62.2,61.0,56.2,68.0,57.0,51.2,56.7,60.5,51.3,55.8,61.7,62.1,54.6,55.9,46.7,64.4,51.8,59.3,47.3,60.8,61.8,53.5,63.2,63.7,61.8,74.8,60.4,60.2,59.8,201111.0
146,58.0,57.4,52.0,46.2,42.1,57.2,46.4,45.7,55.7,44.8,61.2,59.3,58.0,60.0,59.4,60.2,55.8,53.5,59.1,57.3,59.2,58.6,56.9,59.3,58.3,54.0,62.4,57.4,48.4,56.3,58.0,48.4,52.7,57.9,58.0,50.5,52.4,44.6,61.4,49.1,59.2,42.8,58.6,59.8,49.7,61.3,61.7,59.9,65.4,59.4,57.8,57.6,201112.0
147,59.8,60.9,53.8,47.8,45.9,57.1,47.3,45.2,58.1,46.3,69.2,60.4,57.6,66.1,60.7,60.1,58.6,56.5,62.0,59.9,60.0,59.4,64.4,60.3,59.0,56.8,68.9,56.7,49.9,55.5,59.0,48.4,55.0,60.8,60.5,55.3,55.7,45.1,65.0,52.0,59.0,47.1,60.3,65.0,51.0,64.6,65.5,61.4,73.1,60.2,60.4,58.8,201201.0
148,60.7,63.6,52.5,46.3,42.2,56.6,46.2,46.2,56.9,44.2,67.7,63.0,59.1,62.5,62.8,61.3,57.7,55.5,60.0,61.7,62.1,59.4,64.0,63.1,61.3,54.2,64.5,57.6,49.3,56.4,59.9,51.6,52.7,62.7,63.1,53.0,54.9,43.7,62.8,49.4,60.2,44.0,59.9,60.6,53.3,62.9,62.3,63.3,73.5,61.6,60.0,60.4,201202.0
149,60.4,67.5,51.9,45.9,43.8,53.9,45.7,45.7,56.7,47.5,72.4,62.5,57.2,64.7,63.0,57.6,57.5,58.7,61.7,63.0,60.8,57.0,70.6,62.8,60.9,56.2,67.6,55.2,49.4,54.2,59.3,49.2,51.9,65.1,63.8,57.0,58.1,46.3,64.4,49.7,58.7,48.5,59.3,61.1,53.0,63.8,62.5,62.4,79.0,59.9,60.1,58.7,201203.0
150,67.5,74.6,61.6,56.1,52.1,63.5,56.0,56.0,65.6,57.5,81.2,70.8,67.5,71.7,72.3,64.6,66.6,65.1,67.9,71.1,70.7,62.1,79.2,73.1,68.8,64.1,73.3,65.0,56.7,62.0,63.1,59.3,60.9,72.6,72.4,63.2,64.8,56.7,69.5,57.9,67.8,56.2,64.4,67.1,60.0,68.8,66.5,71.8,87.3,68.2,66.7,69.2,201204.0
151,74.4,86.0,71.9,66.2,60.4,75.3,67.4,67.2,76.4,67.8,90.2,80.1,79.4,78.4,82.9,72.9,77.7,76.9,77.5,81.7,83.1,66.7,90.2,84.7,77.2,75.0,80.2,77.8,65.5,71.0,66.3,71.6,71.1,83.5,82.8,74.1,76.0,66.0,79.3,67.9,80.8,66.1,67.3,75.2,67.6,76.6,72.8,83.3,98.6,78.4,73.9,80.7,201205.0
152,79.2,90.9,77.7,71.7,67.2,79.6,72.8,70.6,82.7,73.8,97.4,85.5,84.5,83.2,87.9,76.3,83.5,83.0,83.2,87.0,87.7,69.4,97.3,89.9,81.5,81.5,85.3,82.7,68.8,74.8,69.0,75.7,77.4,88.3,87.1,80.8,82.1,72.0,83.2,74.6,85.3,74.3,71.6,78.7,71.9,81.6,76.4,88.3,105.1,83.6,79.1,86.3,201206.0
153,82.2,96.2,85.0,80.4,75.0,88.0,82.1,82.8,90.0,84.9,99.1,88.8,91.7,87.6,93.0,79.4,90.7,89.1,87.3,92.2,93.4,71.2,98.9,95.0,84.7,88.3,89.4,90.7,78.0,81.9,69.2,85.6,85.0,93.1,91.9,86.4,87.7,84.7,86.2,81.7,91.6,80.6,72.9,83.8,78.7,84.0,80.2,92.9,105.7,87.8,82.0,92.7,201207.0
154,84.6,99.4,89.1,84.3,77.3,91.9,86.0,87.1,93.4,87.8,100.9,91.6,94.4,92.8,95.8,80.9,94.3,92.5,91.4,94.6,97.0,72.5,100.7,97.6,88.0,92.4,93.1,94.4,82.2,86.1,69.1,91.1,89.0,96.2,94.5,89.5,90.8,87.4,91.9,85.1,95.5,81.1,73.5,89.6,84.9,87.9,84.5,96.4,106.3,90.3,85.7,96.0,201208.0
155,81.7,94.3,84.2,79.4,72.4,87.5,81.2,82.3,88.6,82.1,97.0,87.8,90.4,89.7,92.0,78.3,89.2,87.4,87.0,90.2,92.7,70.4,95.5,93.4,84.7,86.9,90.9,90.6,79.9,84.0,67.8,86.6,83.9,91.2,90.4,84.7,85.9,81.7,88.0,79.9,91.5,75.2,71.4,86.2,82.2,83.7,82.1,92.0,102.8,86.4,82.2,91.3,201209.0
156,73.9,80.3,69.7,64.5,59.8,72.7,65.9,65.6,73.4,66.3,85.8,77.9,75.5,78.5,78.2,73.4,74.7,73.0,76.8,78.1,78.3,69.9,83.0,79.0,75.1,72.1,81.2,74.6,64.3,71.6,69.7,69.5,69.6,79.3,78.5,69.8,71.8,65.1,77.5,66.6,77.0,63.2,71.8,75.8,68.9,77.1,75.8,78.5,92.3,76.4,74.2,76.0,201210.0
157,64.7,68.1,57.0,51.8,48.5,60.0,50.6,50.6,61.2,50.9,75.5,65.6,61.9,68.8,66.5,63.2,61.8,61.1,65.9,66.7,65.1,62.3,71.3,65.9,64.6,59.8,72.8,60.2,53.5,59.4,63.6,53.1,57.6,67.0,67.4,59.9,60.8,50.5,68.6,54.6,63.2,51.5,64.8,66.0,56.9,68.2,67.9,66.0,81.0,64.4,65.5,63.0,201211.0
158,54.9,57.2,44.7,39.0,34.1,50.4,39.6,38.8,48.4,38.3,63.0,55.9,51.3,57.7,55.4,54.7,49.2,49.2,53.3,54.3,54.3,55.1,58.0,55.3,54.2,46.7,62.0,49.5,43.6,50.3,56.1,42.9,45.2,55.0,55.4,48.2,48.7,36.4,57.3,41.7,52.5,37.3,57.1,56.0,47.5,56.6,57.9,55.6,69.2,54.8,54.0,51.9,201212.0
159,55.0,56.4,49.9,42.5,40.6,54.1,39.8,42.5,52.9,37.8,62.0,56.2,54.8,59.6,56.4,57.4,53.3,51.5,56.6,55.6,57.1,56.8,56.8,56.6,54.7,51.3,61.9,54.8,49.0,53.4,55.8,46.8,49.9,55.8,55.8,49.1,50.8,38.6,59.8,47.4,56.4,40.0,57.3,59.0,49.1,59.7,60.6,57.0,66.1,57.0,56.3,55.4,201301.0
160,59.4,62.1,53.0,46.6,42.6,58.4,47.3,48.0,56.8,45.3,65.5,63.0,60.7,62.2,62.9,61.9,57.4,54.8,59.2,61.0,63.2,60.4,62.0,64.0,60.9,54.1,63.0,59.5,52.2,57.3,58.7,53.4,52.7,61.3,62.6,52.0,54.1,44.8,62.2,49.1,61.8,43.9,59.2,60.6,53.2,61.5,61.1,63.7,71.2,62.2,58.8,61.3,201302.0
161,66.0,72.5,59.8,53.8,49.6,62.7,54.8,55.1,64.8,54.3,77.7,69.4,66.8,70.5,70.6,64.1,66.1,64.6,67.0,70.1,69.3,63.5,75.0,71.1,67.6,61.8,71.9,65.0,57.1,61.3,62.3,59.4,59.8,71.4,71.0,61.5,63.6,53.5,69.9,56.8,67.9,53.7,64.0,66.8,58.5,68.8,65.7,70.1,84.7,66.9,66.0,67.8,201303.0
162,71.9,79.6,66.1,59.4,53.6,70.2,60.3,59.7,71.0,59.0,81.8,76.8,74.1,73.4,78.3,70.4,71.9,69.8,72.8,77.0,77.1,67.2,80.4,79.1,74.2,68.2,74.0,71.6,62.8,66.9,66.8,65.2,65.1,78.0,77.8,67.0,69.4,57.2,74.6,61.8,74.3,57.7,68.3,69.2,63.6,73.5,68.7,78.0,88.9,74.5,70.8,75.2,201304.0
163,74.8,85.0,71.3,64.7,58.4,74.2,65.4,67.4,76.2,66.0,88.3,81.4,79.3,78.1,83.3,73.7,76.7,75.1,77.3,81.9,82.2,68.4,87.1,84.6,77.4,73.3,80.0,77.1,67.8,71.1,68.1,71.2,70.2,83.2,82.8,72.3,74.4,65.3,79.2,66.6,79.5,63.8,69.2,75.6,69.8,77.4,74.5,83.2,95.6,79.1,74.8,80.4,201305.0
164,80.8,93.7,80.8,75.4,70.1,82.9,76.7,76.7,85.7,77.8,99.1,86.7,87.6,85.8,90.2,77.3,86.3,85.8,85.5,89.4,90.5,70.4,99.5,92.1,83.5,84.9,88.0,86.8,75.2,77.8,70.5,81.2,80.3,90.4,89.3,83.2,84.9,76.1,85.2,77.6,88.7,76.3,73.0,81.6,76.0,84.1,78.3,89.9,106.4,85.0,80.6,88.8,201306.0
165,83.9,100.5,88.4,84.0,77.0,92.0,86.6,88.8,93.0,89.0,100.2,90.8,94.6,89.1,95.0,78.9,93.6,92.0,90.3,94.8,97.0,71.6,101.2,97.5,86.8,91.5,90.6,94.8,86.1,86.4,69.4,91.8,88.1,95.8,94.2,89.4,91.0,88.9,90.1,84.4,95.1,81.7,74.0,85.4,84.4,86.9,83.0,95.6,106.5,89.4,84.3,95.9,201307.0
166,81.5,95.8,83.9,79.1,72.2,86.7,80.9,82.0,88.9,82.9,99.1,88.5,89.9,88.6,92.0,78.8,89.3,88.1,87.3,91.0,91.8,71.3,97.9,93.4,84.1,87.4,90.6,89.3,78.3,82.4,70.5,85.9,83.9,92.3,90.7,85.3,86.5,81.9,88.1,80.1,90.0,77.6,74.8,85.0,81.8,85.9,81.9,92.4,105.3,87.0,82.5,91.1,201308.0
167,79.6,89.4,76.5,70.8,66.1,80.2,72.3,72.4,81.4,72.7,93.9,84.9,83.0,86.5,86.1,77.4,82.8,81.4,83.5,85.3,85.9,71.4,91.5,86.9,81.4,80.6,87.8,82.1,70.2,77.0,72.3,77.6,76.4,86.4,85.5,79.4,80.6,71.4,85.1,73.7,84.3,70.4,74.8,83.6,76.2,83.5,81.7,86.5,100.4,83.5,79.8,83.6,201309.0
168,73.5,79.1,68.1,61.3,56.2,73.9,62.0,62.4,73.4,61.6,80.6,77.4,74.9,75.3,78.8,73.8,73.7,70.7,74.2,77.5,78.1,70.2,77.7,79.3,75.3,69.2,77.1,73.9,64.3,71.1,69.5,67.1,68.0,77.8,78.2,68.0,70.0,61.0,76.2,63.9,76.0,58.3,70.4,73.2,66.0,75.2,73.0,78.9,87.4,76.5,73.4,75.9,201310.0
169,65.2,68.8,59.6,53.7,49.1,64.4,54.2,53.4,64.0,53.1,71.8,68.1,65.7,68.0,69.0,67.1,64.5,62.5,66.5,67.7,67.8,64.9,67.5,69.0,66.3,60.8,70.5,64.4,55.3,63.9,64.4,57.6,59.5,68.1,68.0,59.6,61.6,52.3,69.4,56.0,66.5,50.4,65.4,67.7,57.6,68.8,68.3,69.0,77.3,67.2,65.7,66.8,201311.0
170,57.7,59.4,52.6,45.0,43.9,59.0,42.7,44.1,56.9,42.3,65.1,59.8,57.7,63.0,59.6,61.0,57.1,54.3,60.7,58.7,60.0,59.2,59.4,59.6,58.3,54.1,65.5,58.0,49.8,56.1,58.8,47.5,53.1,58.8,58.9,52.6,53.8,42.2,64.0,50.3,59.8,44.0,60.1,63.3,49.5,63.5,64.6,60.7,69.3,60.5,59.5,58.5,201312.0
171,64.5,66.3,58.6,52.2,48.7,64.9,51.5,49.5,62.7,50.6,71.9,66.2,65.0,69.0,65.8,67.1,63.3,61.4,67.8,65.6,68.0,65.5,67.0,66.9,64.4,61.0,72.0,64.5,54.2,61.9,63.9,54.3,59.0,65.8,65.4,58.9,60.8,49.6,69.7,56.5,67.1,50.5,65.2,69.1,55.8,70.7,70.6,67.6,75.9,67.1,65.7,65.1,201401.0
172,60.8,66.2,53.5,47.8,45.1,56.3,48.2,47.2,57.6,47.4,72.4,62.7,59.4,66.9,63.3,59.7,58.4,58.3,61.7,62.8,62.4,58.8,69.3,63.5,61.5,56.2,69.8,57.0,51.0,55.8,59.2,51.3,53.1,64.1,63.3,56.0,57.8,45.5,64.8,51.0,60.4,47.4,60.3,64.5,53.9,63.8,64.6,63.3,78.3,60.7,60.6,60.4,201402.0
173,67.0,73.0,58.3,51.5,47.7,61.8,51.8,53.2,63.5,51.8,76.1,69.4,64.9,69.4,70.2,65.2,64.4,64.2,67.2,69.0,68.4,64.3,73.0,70.4,67.9,61.5,71.4,62.3,56.0,61.0,65.6,57.5,57.7,70.8,70.6,61.3,63.3,51.5,69.6,55.3,65.7,50.1,65.7,66.7,59.7,68.9,67.5,69.6,83.0,67.4,66.5,66.5,201403.0
174,70.2,78.9,64.8,58.7,53.5,68.7,59.2,61.2,69.4,59.7,81.2,73.8,72.2,73.6,76.1,68.6,69.9,69.5,70.8,74.8,75.8,65.7,79.3,77.7,71.8,67.6,75.0,70.0,62.5,66.4,66.3,64.7,64.0,75.8,75.8,66.0,68.4,59.2,73.2,60.3,72.4,56.7,66.5,70.0,64.3,71.9,70.2,76.0,87.7,72.4,69.3,73.4,201404.0
175,77.1,87.8,72.6,65.9,59.6,76.2,67.5,68.5,77.1,68.3,88.7,82.3,80.9,79.9,84.9,75.5,78.1,76.8,79.8,83.0,85.3,70.0,87.4,87.2,79.4,75.2,80.9,79.3,68.5,73.0,70.4,72.8,71.3,84.5,84.3,73.2,76.0,67.8,81.1,67.7,82.5,63.7,71.6,76.1,70.8,79.9,77.3,85.6,95.6,80.6,76.4,81.9,201405.0
176,81.5,95.0,81.8,76.1,70.1,85.3,77.3,76.6,87.8,77.9,97.2,87.4,89.3,85.2,92.0,78.8,88.0,85.7,85.4,90.3,92.9,71.9,97.8,94.4,84.1,85.2,86.6,88.7,74.2,80.0,69.6,82.5,81.2,91.0,90.7,83.4,85.4,76.8,85.7,78.1,90.5,74.9,72.6,80.7,76.5,83.9,79.5,92.3,105.3,86.5,81.0,90.6,201406.0
177,85.0,99.8,88.7,84.6,77.3,91.7,86.9,88.6,93.2,88.7,101.1,90.0,94.5,90.0,95.1,80.5,93.6,90.9,90.6,94.3,96.2,73.4,101.2,97.1,86.9,90.7,91.3,94.8,84.0,86.1,72.4,91.7,88.2,95.2,94.0,88.8,90.3,89.1,88.7,84.2,95.4,81.2,75.8,85.7,84.0,87.7,84.4,95.9,107.4,89.4,85.6,95.8,201407.0
178,82.9,97.3,83.8,78.4,72.0,88.5,80.4,83.6,89.3,82.0,97.4,87.9,90.2,88.6,91.7,78.6,89.9,88.0,88.2,91.5,93.3,71.8,96.4,93.8,84.9,87.3,89.9,90.5,82.0,83.8,72.0,88.0,83.7,92.8,91.2,85.6,87.2,82.6,88.1,80.1,91.8,75.9,75.6,84.6,82.4,86.3,83.8,92.9,103.8,87.4,83.9,91.3,201408.0
179,81.6,93.6,80.4,75.2,68.9,84.2,76.7,78.0,85.3,76.7,95.8,86.2,87.7,88.2,89.7,78.1,86.1,84.5,85.5,88.4,90.0,72.6,94.0,90.9,83.5,83.7,89.6,86.8,77.6,80.7,73.1,82.8,79.9,89.7,89.0,82.2,83.9,76.8,86.6,77.0,88.6,73.0,75.2,85.1,80.2,84.9,83.8,90.1,101.9,85.4,81.6,87.8,201409.0
180,78.3,84.6,72.6,66.4,63.1,75.6,67.1,64.5,77.9,66.3,87.7,81.2,77.7,81.8,82.6,77.4,78.8,76.9,80.9,81.6,81.5,74.1,85.6,82.6,79.4,75.9,83.8,75.8,65.6,72.9,73.0,68.6,72.7,82.8,82.9,74.6,76.3,65.8,82.0,70.2,79.0,66.3,74.7,79.0,69.5,81.7,80.0,82.4,93.3,80.1,78.2,79.0,201410.0
181,65.7,68.7,58.7,53.2,50.9,61.6,52.6,50.6,62.7,51.1,74.3,66.8,62.5,70.6,67.0,65.8,63.5,61.5,66.4,65.9,65.4,64.1,70.8,66.2,66.0,61.3,73.5,60.8,54.9,60.5,65.6,54.1,58.7,66.1,67.2,60.4,61.6,50.2,70.0,56.6,63.4,53.9,65.9,69.4,57.4,69.4,71.0,66.5,79.0,65.9,65.8,64.1,201411.0
182,58.9,60.3,49.1,42.7,41.1,52.6,42.7,44.1,53.1,41.9,63.6,58.8,53.9,60.5,59.4,58.0,53.9,53.7,58.0,58.2,57.2,58.2,58.2,58.6,58.3,52.2,63.7,52.3,48.8,53.3,60.4,47.9,49.2,59.4,59.7,51.3,52.8,41.2,61.3,47.9,55.1,42.3,60.5,59.6,52.0,60.8,62.3,58.4,68.2,57.4,57.6,55.1,201412.0
183,61.0,56.9,56.3,51.6,48.5,61.6,50.7,50.8,59.9,49.1,67.1,60.4,61.0,65.1,60.2,62.6,60.2,55.9,63.8,58.2,61.9,61.8,62.6,60.6,60.1,58.3,67.3,61.0,54.7,59.9,62.0,54.5,57.2,57.4,59.2,53.1,54.5,49.8,65.2,54.4,62.5,49.2,63.8,64.1,56.1,66.5,66.5,61.2,70.8,62.0,62.8,61.4,201501.0
184,65.4,68.9,59.6,54.5,50.9,63.2,54.1,52.8,63.7,52.8,75.0,67.2,65.3,70.0,67.1,65.7,64.8,62.6,66.0,66.3,67.3,65.0,71.9,67.8,66.1,62.0,72.4,63.5,55.9,62.7,65.9,57.6,59.4,66.9,67.6,60.8,61.8,52.7,68.5,57.4,65.9,53.1,65.6,66.4,58.9,68.0,67.9,67.3,80.4,66.2,65.9,66.3,201502.0
185,70.8,78.0,64.2,58.9,53.5,68.0,59.2,59.1,69.3,58.8,79.3,73.6,71.3,74.4,75.2,69.8,70.0,69.0,72.4,74.3,74.6,67.5,76.7,76.1,72.2,66.7,75.7,69.1,60.7,66.3,67.7,64.1,63.8,75.3,75.7,65.5,68.1,58.8,74.2,60.7,71.6,56.0,68.7,71.4,62.5,73.8,72.7,74.5,85.4,71.9,70.8,72.5,201503.0
186,69.6,78.7,63.9,58.1,52.2,68.4,59.0,59.7,68.4,59.1,80.0,74.0,72.2,72.6,76.2,68.4,69.3,68.4,70.7,74.8,76.2,64.6,77.9,78.1,71.6,66.6,74.3,70.8,60.9,66.0,65.1,64.9,63.1,75.6,76.3,65.1,67.5,59.2,72.4,59.6,73.3,55.7,66.0,68.6,63.4,71.2,70.0,76.8,86.7,71.8,68.6,73.3,201504.0
187,68.8,81.7,68.4,61.8,55.9,72.6,63.7,66.6,72.7,64.5,80.5,75.0,76.8,71.4,78.6,68.2,73.2,71.2,71.9,77.6,80.0,62.1,81.3,81.5,71.1,69.0,72.2,75.4,67.3,69.4,62.7,71.7,67.5,78.1,78.1,67.9,70.2,65.0,71.9,62.3,77.6,58.7,64.4,68.7,68.1,71.1,69.1,79.4,88.2,73.6,68.9,77.7,201505.0
188,81.9,96.5,84.3,79.0,71.9,88.2,81.1,82.6,90.0,82.1,98.1,88.7,92.3,86.3,93.9,79.8,90.0,88.0,86.8,91.7,94.5,72.3,98.9,95.8,85.2,87.1,87.5,92.2,80.8,83.4,69.7,87.9,83.8,92.6,92.8,84.5,86.6,82.2,87.2,79.6,93.4,76.1,72.6,80.4,80.7,85.0,79.8,93.7,105.0,87.3,81.9,93.2,201506.0
189,82.8,96.0,84.5,79.2,71.0,88.2,80.9,83.0,89.4,82.0,96.6,88.9,91.6,85.6,93.3,79.6,89.9,87.4,88.0,92.0,94.4,72.1,96.2,95.5,84.8,86.5,87.2,91.0,80.4,84.2,72.6,87.7,83.9,92.7,92.5,84.0,86.0,82.4,85.4,79.3,92.7,75.1,76.0,82.6,83.3,85.9,82.4,94.0,104.1,88.1,84.2,92.8,201507.0
190,83.7,96.3,85.8,80.8,75.2,88.2,82.6,82.6,90.3,83.7,101.8,89.5,91.0,90.9,93.2,81.6,90.9,89.0,89.6,91.8,93.7,74.6,101.3,94.8,85.6,88.7,92.7,90.3,77.2,83.8,75.1,86.2,85.9,93.0,92.4,86.5,87.5,84.1,88.8,82.3,91.5,79.8,78.1,87.6,81.0,88.2,85.3,93.9,108.7,89.4,86.1,92.3,201508.0
191,84.0,92.4,81.3,76.4,70.3,84.6,77.2,75.9,86.0,77.2,95.5,88.2,87.3,87.9,90.1,82.0,86.8,84.0,87.4,89.3,90.5,76.8,94.7,91.1,85.9,83.6,89.1,85.8,73.2,80.3,76.5,80.4,81.1,89.7,90.6,81.9,83.0,76.2,87.4,77.5,87.8,73.9,78.9,86.0,76.4,87.2,85.6,90.1,101.6,87.9,85.0,88.3,201509.0
192,78.7,82.7,73.0,67.1,60.6,78.6,67.6,68.8,78.0,67.9,85.6,82.7,79.8,81.0,84.2,79.2,78.3,74.9,80.1,82.3,83.4,74.4,82.3,84.5,80.5,74.6,81.8,78.8,68.9,76.4,72.7,73.3,72.7,82.8,84.2,71.2,74.1,68.7,81.3,67.9,81.1,61.5,74.6,80.6,72.8,81.2,80.8,84.0,91.9,81.4,78.6,81.1,201510.0
193,60.8,63.1,52.4,45.5,42.8,58.6,45.2,47.1,56.7,44.2,69.6,63.2,59.0,65.9,62.6,63.3,57.4,55.8,61.1,62.3,62.4,61.5,64.6,62.6,61.6,55.0,69.2,57.9,50.5,57.5,61.5,52.3,52.4,62.6,63.7,54.0,55.6,45.2,64.6,49.9,61.2,44.7,61.1,67.3,54.6,63.9,66.2,62.7,74.9,62.9,60.4,59.7,201511.0
194,54.8,56.2,45.4,38.6,37.8,49.8,39.3,38.7,50.9,37.6,62.6,55.8,50.4,59.3,56.2,54.8,50.7,48.7,54.3,54.7,54.6,55.3,57.1,55.6,54.9,47.5,63.0,48.5,43.9,49.5,56.4,42.4,46.7,55.1,56.6,47.4,48.4,36.6,58.0,43.6,52.1,38.8,56.0,60.1,48.2,57.6,59.9,55.9,67.0,54.4,53.8,51.9,201512.0
195,56.2,57.9,47.6,41.2,39.7,49.3,40.8,40.6,51.1,39.0,62.5,56.3,52.3,59.5,56.9,54.6,51.8,51.6,55.8,56.5,54.3,54.9,58.0,56.3,55.6,49.5,62.6,50.1,45.4,51.2,57.3,45.4,48.1,56.6,57.4,48.4,50.7,39.2,59.7,45.3,52.8,39.8,57.4,58.8,51.7,59.2,60.2,56.0,67.7,54.5,55.8,53.2,201601.0
196,65.5,67.7,59.0,53.0,50.0,62.3,52.1,51.2,64.0,50.8,75.4,67.3,64.9,71.2,67.9,66.2,64.5,61.8,66.8,66.9,66.5,65.3,70.5,68.0,66.5,62.1,74.4,62.5,53.8,61.8,66.1,55.7,59.2,67.3,68.2,58.6,60.9,51.1,69.4,56.8,64.6,51.1,66.2,70.1,57.8,69.9,70.6,67.4,80.4,66.3,66.6,66.3,201602.0
197,64.1,70.4,56.0,50.0,46.9,58.4,50.1,50.6,60.8,50.0,76.2,66.5,62.3,68.2,67.5,61.7,61.7,61.0,63.9,67.1,65.2,60.4,73.3,67.8,65.4,59.1,70.7,60.0,53.3,58.6,62.5,54.9,55.5,68.0,68.4,58.8,60.6,50.1,67.2,53.8,62.5,51.2,63.0,64.5,58.1,66.2,65.4,66.7,83.1,63.7,63.8,63.4,201603.0
198,69.6,78.1,64.5,58.3,52.8,67.0,59.6,62.3,68.3,60.4,79.4,74.1,72.7,72.6,76.1,68.8,69.3,67.8,70.5,74.7,75.2,65.5,76.7,78.1,71.6,66.4,73.8,70.2,63.7,66.5,66.6,65.9,63.4,75.4,75.9,65.0,67.2,61.4,73.0,60.2,72.7,55.8,66.9,68.9,66.6,71.8,70.9,75.7,86.2,71.8,69.3,73.3,201604.0
199,73.6,84.6,69.6,62.7,57.0,72.2,64.0,66.6,73.7,64.4,83.2,78.8,78.2,73.5,82.2,70.7,74.3,73.5,74.8,80.9,80.6,66.8,82.8,83.8,76.0,71.7,74.1,75.5,68.9,70.3,66.7,70.7,68.2,81.3,81.4,70.2,72.3,64.7,74.8,64.1,78.2,60.2,68.4,68.8,70.0,74.7,70.2,81.7,91.0,76.2,72.3,79.0,201605.0
200,82.8,95.8,82.3,76.0,70.9,83.8,77.0,76.5,87.9,78.0,99.7,88.6,88.8,87.5,93.0,79.3,88.1,86.9,87.7,92.6,91.3,72.5,100.4,94.1,85.5,86.3,89.4,86.9,74.8,79.2,70.6,81.7,81.7,93.3,92.5,84.1,86.2,77.0,89.0,78.5,89.0,76.2,74.4,82.1,77.0,86.2,82.1,92.5,106.6,86.9,83.1,90.3,201606.0
201,83.8,99.6,86.8,81.4,76.0,89.1,83.1,82.6,91.9,84.5,102.4,90.0,93.2,90.5,95.2,80.9,92.3,91.0,89.8,95.2,95.1,72.3,102.6,97.2,86.6,91.0,92.4,91.7,78.0,83.9,69.4,87.6,86.5,95.5,94.5,88.0,90.2,83.5,89.8,83.6,93.0,82.2,74.1,86.0,81.1,86.7,83.8,95.2,109.3,89.2,84.8,94.1,201607.0
202,81.9,98.3,87.1,83.3,76.5,89.6,85.2,86.4,91.4,86.2,100.2,88.2,92.5,89.9,93.7,78.3,91.6,89.9,89.0,93.3,94.6,70.3,99.4,96.0,84.7,89.9,91.7,92.7,82.3,84.6,69.3,90.8,86.9,93.8,92.4,86.5,88.9,86.0,88.1,83.2,93.0,80.6,73.0,85.6,82.6,85.9,82.8,94.2,106.8,87.4,83.9,93.2,201608.0
203,81.6,91.9,79.9,75.0,68.3,84.0,76.7,75.3,84.5,76.1,91.7,86.1,87.4,84.5,89.6,79.9,85.0,83.0,84.8,88.9,89.4,73.3,90.4,90.9,83.8,82.7,84.9,86.5,74.5,80.3,72.2,81.5,79.2,89.3,89.0,79.7,82.0,75.0,85.0,75.7,88.0,71.6,75.4,81.8,77.5,84.3,81.7,89.9,98.1,85.6,81.6,87.3,201609.0
204,71.6,79.2,64.1,58.0,55.5,65.4,58.7,55.7,69.1,58.8,85.6,73.4,69.9,77.3,74.9,68.3,70.8,71.0,73.4,76.7,73.2,66.1,82.0,75.7,72.5,69.2,81.3,67.0,55.9,64.0,68.5,60.0,64.1,76.8,76.4,68.4,70.0,58.4,75.1,62.7,70.9,60.4,69.5,74.4,63.0,74.8,74.7,74.2,92.6,71.0,72.5,70.6,201610.0
205,64.1,68.9,57.2,51.5,50.2,58.8,50.5,50.5,61.9,50.8,75.1,65.4,61.6,70.6,66.3,63.6,63.1,62.5,65.6,67.3,63.9,62.5,70.3,66.2,64.4,61.2,73.5,59.0,52.7,59.0,64.2,54.5,57.4,67.0,67.1,60.1,61.9,51.0,69.7,55.8,61.6,52.2,64.1,70.3,57.4,68.4,70.6,65.7,80.0,63.8,64.4,63.1,201611.0
206,55.4,56.7,48.2,42.4,40.7,51.3,41.4,39.6,51.6,39.8,63.1,55.8,53.0,59.9,55.5,55.9,52.6,51.3,56.4,56.0,54.3,55.4,58.0,55.4,55.2,50.8,63.9,51.0,43.6,50.4,56.9,43.8,48.6,55.8,55.8,48.9,50.5,38.5,59.0,46.8,53.1,42.8,56.9,59.0,47.7,59.0,59.9,55.8,67.6,55.4,56.0,53.8,201612.0
207,53.6,55.2,44.7,38.2,36.6,49.6,37.4,38.8,48.3,35.6,59.7,54.3,50.8,56.4,53.9,54.1,49.7,48.2,54.0,54.6,53.0,54.0,55.0,54.0,53.0,46.7,59.8,49.5,43.4,49.6,55.0,42.8,45.2,54.9,55.0,45.2,47.9,36.7,57.4,42.7,52.1,34.6,55.5,55.4,47.0,57.1,57.8,54.3,65.6,53.4,53.6,51.1,201701.0
208,58.2,61.5,48.4,42.0,39.4,51.5,42.2,43.6,53.4,42.1,66.9,59.7,55.7,60.3,60.5,56.6,55.0,53.7,57.2,60.4,58.0,56.4,63.5,60.3,59.1,51.7,64.2,53.1,45.9,52.4,58.5,47.1,48.3,60.8,61.6,50.7,52.5,42.6,58.6,46.4,56.2,40.7,58.3,57.0,51.0,59.3,58.0,59.6,74.0,57.0,57.1,56.6,201702.0
209,65.4,69.9,57.5,52.0,49.0,60.6,51.6,51.5,62.3,51.7,78.0,68.0,64.3,70.7,68.6,64.5,63.1,61.6,65.1,68.2,66.4,62.8,75.0,68.8,66.9,60.3,73.7,61.6,51.9,59.7,64.2,55.5,57.4,69.0,69.4,59.3,61.2,51.0,67.7,55.0,64.0,51.6,64.2,66.9,57.0,67.3,66.9,68.0,85.0,66.1,65.1,65.5,201703.0
210,66.8,75.0,58.8,52.2,49.0,61.0,52.5,53.0,64.1,53.2,81.9,69.7,65.5,73.8,71.0,64.4,65.1,64.8,67.4,70.3,68.6,62.3,78.8,71.6,68.3,63.2,76.2,63.3,54.2,60.4,64.8,57.7,58.3,71.8,71.8,62.3,64.1,53.2,70.8,56.2,66.1,53.2,65.1,70.0,59.2,69.2,69.7,70.0,89.4,67.3,66.0,66.9,201704.0
211,74.9,85.0,72.0,66.6,59.4,75.3,68.1,69.3,76.6,67.9,86.4,80.1,81.1,76.5,83.1,72.8,77.2,74.8,76.3,81.8,83.4,67.9,86.0,85.8,77.5,74.0,77.1,79.3,67.9,71.8,66.8,73.7,70.9,82.6,83.7,71.2,73.7,68.4,76.6,66.9,81.5,63.0,68.8,72.2,69.1,75.8,72.1,83.2,94.0,78.3,73.5,81.3,201705.0
212,81.2,95.0,81.0,75.6,69.3,83.8,76.5,76.0,86.0,77.1,99.6,87.1,88.2,86.8,91.4,78.6,86.1,85.3,85.3,90.5,91.2,71.8,99.7,93.3,84.4,84.5,88.3,87.3,72.2,78.6,70.2,81.4,80.5,91.3,91.9,82.2,84.8,77.0,87.3,76.9,89.1,75.1,72.3,81.3,74.9,83.9,79.6,90.9,106.6,85.9,81.1,89.8,201706.0
213,86.8,100.9,89.6,84.2,77.6,92.3,86.0,87.3,94.7,87.7,102.3,92.7,96.2,91.9,98.2,83.5,94.4,92.7,91.9,97.1,97.7,75.2,102.9,99.4,90.0,92.3,92.4,95.6,82.2,86.3,71.1,91.1,89.3,97.7,98.0,89.0,91.9,88.5,92.4,85.0,96.4,82.8,75.5,87.4,82.5,89.3,85.2,97.1,108.5,92.2,86.4,97.2,201707.0
214,84.0,99.8,88.5,83.9,75.5,92.5,85.9,87.1,92.8,86.6,100.7,90.3,94.8,90.1,95.6,82.3,92.6,90.2,90.4,94.5,97.4,73.5,99.7,98.1,87.2,90.0,91.2,95.1,83.6,87.4,71.8,92.3,87.8,95.1,95.1,86.8,89.8,86.9,90.4,83.0,95.6,79.1,75.0,86.5,84.9,87.8,84.4,95.6,107.7,90.3,85.6,95.8,201708.0
215,83.0,91.4,77.9,71.8,64.1,83.0,73.7,74.3,82.7,73.8,91.1,86.8,86.2,83.2,88.9,82.5,83.8,81.0,84.9,88.0,89.1,76.8,89.5,90.8,84.6,79.9,84.4,85.3,72.0,80.9,77.7,79.8,76.8,88.2,89.7,77.5,80.6,74.1,84.5,73.3,87.4,68.3,79.3,80.8,77.7,85.5,82.3,88.9,97.6,86.5,83.2,86.8,201709.0
216,76.6,81.7,71.5,65.4,60.2,75.6,65.0,63.6,76.5,63.1,87.3,80.0,78.4,81.2,80.7,77.3,76.9,73.7,78.8,79.7,80.5,73.4,83.7,82.0,78.0,74.0,83.5,76.7,64.6,73.8,73.0,69.5,71.3,79.7,81.7,71.2,73.2,62.8,80.6,67.9,79.0,63.2,74.4,79.6,68.4,80.2,79.2,81.0,93.3,79.8,77.4,79.4,201710.0
217,63.6,68.7,55.3,50.4,49.1,56.9,48.7,47.2,60.5,49.3,76.8,64.2,59.5,71.6,65.0,61.7,62.4,62.4,66.1,66.7,62.3,61.0,73.2,64.4,63.8,61.0,75.2,57.4,49.4,56.9,63.4,51.2,55.7,67.4,67.1,60.5,62.2,47.7,70.3,55.3,60.1,53.3,63.8,69.9,54.2,68.9,70.4,64.1,81.8,62.4,64.4,61.0,201711.0
218,59.9,61.9,55.5,49.7,48.4,59.3,46.7,45.5,59.8,45.4,69.8,61.1,59.6,67.4,61.1,60.8,61.0,58.3,64.3,61.4,61.9,60.3,64.8,61.9,59.8,59.2,70.9,58.7,50.4,56.8,60.9,48.4,56.4,61.5,62.0,55.7,57.2,46.2,68.4,54.2,61.4,48.7,61.8,67.4,52.2,66.9,68.0,62.1,73.1,61.2,62.5,61.0,201712.0
219,58.7,60.4,52.6,47.4,46.3,54.5,46.1,45.9,57.3,46.3,69.9,58.3,57.1,66.3,58.4,58.0,58.8,57.2,61.8,59.3,57.3,57.6,65.2,58.5,58.2,57.5,70.4,54.7,49.3,54.1,59.0,48.3,53.7,59.6,59.9,54.5,55.8,46.1,65.4,52.8,56.3,48.1,60.0,65.6,52.1,64.5,66.7,58.4,74.5,58.1,59.9,57.3,201801.0
220,62.5,65.1,53.0,46.6,42.3,58.7,46.3,46.6,57.7,44.4,68.2,65.4,61.1,64.0,64.3,63.7,58.8,57.4,62.3,63.6,63.8,62.4,64.3,65.2,63.6,55.8,65.9,59.1,50.2,58.0,63.2,52.2,52.6,63.7,66.4,54.0,56.6,43.6,65.3,50.7,62.4,45.0,62.6,63.0,53.3,65.5,63.7,65.5,73.2,64.2,61.4,61.8,201802.0
221,61.3,66.7,52.2,45.1,41.9,56.1,45.1,48.7,57.7,46.5,71.4,64.0,60.5,63.2,65.0,60.4,57.7,57.1,60.5,63.8,63.6,59.3,67.7,66.3,62.2,54.8,67.0,57.9,52.8,56.8,61.0,52.6,51.8,64.4,66.1,54.0,56.6,46.9,63.0,48.3,60.6,44.3,61.5,59.5,56.5,62.9,61.6,64.2,78.2,61.8,60.8,61.0,201803.0
222,67.3,77.8,62.4,56.8,52.5,64.1,57.0,56.5,67.0,56.6,83.2,71.2,69.4,73.1,72.8,65.7,68.4,67.1,69.0,72.5,72.5,62.8,81.3,75.1,68.9,65.5,75.8,66.9,57.6,62.6,63.7,61.2,61.6,72.9,74.4,65.0,67.0,56.6,72.2,59.7,69.6,57.5,64.6,68.3,62.4,70.0,69.2,72.3,90.1,68.8,66.8,70.6,201804.0
223,70.6,83.5,70.4,64.8,58.5,73.8,65.7,69.0,74.9,66.4,85.6,77.3,79.1,73.2,80.3,71.4,75.5,73.3,73.8,79.5,82.3,64.6,85.7,84.1,73.2,71.9,76.1,77.2,67.3,69.8,64.5,72.6,69.1,79.7,81.3,70.3,72.5,67.5,74.1,65.3,79.6,62.2,66.0,68.6,68.4,73.3,70.2,81.3,93.4,76.1,70.7,79.6,201805.0
224,80.8,93.2,81.7,75.4,71.0,84.2,76.3,76.3,87.4,76.7,96.9,87.0,88.9,84.1,91.2,78.8,87.5,85.2,84.0,89.9,91.3,71.6,97.8,93.4,83.8,84.6,86.6,87.5,73.4,78.8,69.6,81.8,81.0,89.0,92.0,82.0,84.2,76.0,84.4,77.8,89.0,76.4,72.5,78.1,75.4,82.6,78.2,91.0,103.8,86.3,80.7,90.0,201806.0
225,85.9,100.9,90.1,85.1,79.0,93.0,86.9,87.4,95.5,88.2,102.4,91.8,96.4,93.3,97.2,82.5,95.8,92.5,93.1,96.7,98.0,73.2,102.7,99.1,89.2,92.4,93.7,95.9,82.4,87.5,70.3,91.9,89.7,96.9,97.2,89.7,92.1,88.4,92.8,86.0,96.5,82.8,75.9,89.2,83.6,90.3,87.2,96.9,107.9,91.5,87.8,97.5,201807.0
226,82.2,97.5,86.6,82.6,76.4,87.7,83.8,84.3,91.4,85.1,101.0,87.6,90.9,90.4,91.7,80.6,91.8,88.8,88.7,91.9,92.2,71.5,100.6,93.7,84.5,89.0,92.6,90.6,78.7,82.9,69.5,87.8,86.2,92.3,91.8,87.0,88.2,85.3,89.8,82.8,89.9,80.7,74.0,87.2,80.9,87.3,85.8,91.7,106.9,87.8,84.2,92.2,201808.0
227,80.4,92.2,81.0,75.9,70.5,83.4,77.1,76.3,86.6,77.2,97.3,85.6,87.5,86.0,89.1,78.7,87.1,84.1,84.7,88.0,88.8,71.4,95.8,90.5,83.3,84.4,88.8,86.4,73.7,80.1,69.6,81.4,80.8,88.6,88.6,81.8,83.5,76.3,86.5,77.7,87.5,74.2,72.7,81.7,76.9,84.1,80.8,89.2,104.0,85.3,80.9,88.0,201809.0
228,75.5,80.4,69.7,63.7,57.1,74.0,63.8,64.0,74.8,62.4,80.6,79.4,77.7,76.0,80.8,74.4,75.4,71.4,76.6,79.0,79.1,71.2,77.9,81.6,77.4,71.1,77.9,75.4,65.2,72.0,70.4,68.8,69.0,78.7,80.6,68.7,71.1,62.3,78.0,65.2,77.5,58.8,72.4,74.9,67.1,77.7,76.2,80.8,86.1,77.9,75.7,78.3,201810.0
229,66.2,69.6,60.1,54.8,50.8,63.5,53.6,53.3,64.8,51.8,72.7,68.4,65.0,69.4,68.4,66.6,65.3,63.0,68.2,67.6,67.3,65.2,68.5,68.5,66.9,62.5,72.0,64.5,56.9,62.4,65.7,58.0,59.8,67.6,68.7,60.2,62.6,52.0,71.6,58.0,66.0,53.1,66.1,69.2,58.2,70.9,71.2,68.7,77.0,67.8,67.3,66.9,201811.0
230,56.6,57.3,49.1,42.8,40.7,52.5,42.3,41.6,53.4,39.5,63.2,58.0,54.7,60.4,58.1,57.0,53.6,52.3,57.2,57.4,55.8,56.5,58.4,57.6,56.5,51.6,64.3,52.6,45.9,51.8,58.5,46.3,49.4,57.3,58.7,48.9,51.2,39.9,59.8,47.5,55.0,41.0,58.7,59.6,50.4,60.0,61.6,57.9,67.0,57.1,57.2,55.2,201812.0
231,58.4,59.9,51.0,44.9,42.4,54.3,44.7,46.0,55.0,43.7,62.2,59.0,56.4,59.9,59.5,58.1,55.8,53.8,58.4,58.9,57.0,57.8,58.2,58.8,57.7,53.2,63.4,54.9,50.2,54.6,59.2,49.3,51.6,58.9,59.9,50.9,53.1,44.4,61.3,48.9,56.1,42.4,59.7,59.1,52.7,61.2,61.1,58.9,66.4,58.1,58.4,57.0,201901.0
232,53.3,57.6,42.2,34.7,33.4,45.5,36.0,36.9,47.2,35.8,58.2,55.3,50.0,53.6,55.5,51.8,48.6,47.4,51.7,55.6,52.3,51.7,54.7,55.3,54.0,44.5,57.5,46.9,40.5,47.1,54.2,41.4,41.9,56.2,57.2,45.6,47.3,35.6,54.5,39.5,50.1,33.4,54.0,51.4,46.1,54.5,53.9,54.7,64.5,52.2,51.9,50.6,201902.0
233,60.6,66.6,51.7,45.3,42.0,54.8,45.4,49.1,57.2,46.0,69.8,63.6,59.2,63.0,64.4,59.6,57.6,56.8,60.0,64.0,60.8,58.5,66.7,64.0,61.7,54.6,65.7,56.7,53.8,56.0,60.6,53.0,51.3,64.4,65.6,53.9,56.3,46.7,62.1,48.9,58.6,44.6,60.7,59.4,56.1,62.7,61.7,63.3,77.1,61.0,60.4,60.0,201903.0
234,69.8,78.6,63.8,57.4,52.8,67.0,58.8,58.4,68.7,58.4,80.8,74.0,72.0,71.8,75.6,67.4,69.5,68.5,70.7,75.3,74.5,64.8,79.1,77.1,71.9,67.0,73.9,69.6,60.2,65.3,65.1,63.6,63.1,75.8,76.7,65.4,68.0,57.5,72.6,60.6,72.0,57.0,66.1,67.6,63.0,71.3,69.3,75.2,87.8,71.5,69.4,72.8,201904.0
235,68.4,78.1,65.2,58.8,53.8,68.6,60.4,64.7,68.8,61.4,78.6,73.4,73.5,68.3,76.1,66.2,69.3,66.6,69.4,74.8,76.3,61.4,77.8,78.7,70.7,65.9,70.0,72.0,66.1,67.2,63.0,69.0,63.6,74.8,76.4,63.1,66.0,62.7,70.0,59.5,74.0,56.6,64.9,64.4,67.0,69.8,66.5,76.3,86.8,71.6,68.1,74.2,201905.0
236,81.8,94.3,80.4,74.3,67.2,84.1,75.6,76.6,85.7,75.3,94.5,87.6,88.6,82.2,91.3,78.4,86.1,83.9,83.9,89.9,90.9,72.7,95.2,93.4,84.7,82.8,83.5,87.5,75.8,80.9,71.9,82.2,79.3,89.7,91.5,80.6,83.2,75.6,84.0,75.6,89.4,71.6,74.7,76.3,77.0,82.8,77.7,91.3,101.9,86.2,81.0,89.9,201906.0
237,83.1,98.1,84.9,79.4,73.5,87.2,80.6,81.7,90.0,83.0,100.8,88.7,91.4,88.3,93.8,80.9,90.2,88.5,88.1,93.1,93.0,71.9,100.4,95.2,85.6,87.6,90.3,90.4,77.3,82.4,70.8,85.7,84.2,93.2,93.8,85.1,88.2,83.0,88.4,80.6,91.4,79.3,74.2,83.4,80.3,86.2,81.7,93.1,107.2,88.5,83.2,92.7,201907.0
238,85.6,98.5,86.6,81.6,75.8,89.3,83.0,83.8,90.9,84.7,102.2,91.1,92.7,90.0,95.2,83.5,91.3,89.0,89.8,93.8,94.7,76.0,101.4,96.5,87.8,88.9,92.7,91.9,79.7,85.2,74.9,88.3,86.0,93.7,94.7,85.9,88.7,84.5,89.5,82.6,93.2,81.2,78.4,85.1,83.9,88.2,83.1,95.1,108.2,90.4,86.2,93.6,201908.0
239,80.6,90.1,76.1,69.5,64.6,80.2,70.7,70.4,80.8,70.3,92.8,86.0,84.2,84.2,87.3,79.8,82.2,81.4,84.5,86.5,86.1,73.6,91.1,88.2,82.9,80.0,86.1,82.1,68.0,76.5,74.7,76.6,75.4,87.2,87.7,78.0,80.8,70.1,85.3,73.2,84.8,69.8,77.1,81.3,73.8,84.8,82.2,87.5,99.2,84.4,82.1,84.2,201909.0
240,75.1,79.1,68.3,60.9,57.2,72.9,60.5,60.2,73.9,59.2,82.9,78.4,75.6,77.7,79.6,75.8,74.8,71.6,77.1,78.1,77.2,72.4,78.9,79.6,76.3,71.6,80.6,73.2,61.6,70.9,72.2,67.0,68.1,77.6,79.8,68.2,70.8,59.0,79.1,65.6,76.2,59.2,74.4,75.1,67.1,78.9,77.1,79.4,88.0,77.6,76.4,76.8,201910.0
241,67.0,70.6,61.2,56.0,51.5,65.8,55.6,55.6,65.3,54.8,73.4,69.2,67.6,69.4,70.2,66.8,66.3,64.2,67.5,69.4,69.2,65.3,69.6,70.2,67.5,64.0,72.2,66.9,58.5,66.1,64.0,60.9,60.9,69.0,70.6,61.6,63.3,55.1,70.9,58.8,69.1,52.0,65.1,68.6,58.7,70.0,68.9,70.3,78.1,68.4,67.2,68.2,201911.0
242,56.4,58.0,48.1,42.0,39.2,50.9,41.1,41.5,52.2,40.2,60.2,57.2,54.0,57.0,58.1,55.6,53.0,52.2,55.8,57.1,54.0,55.0,54.9,56.6,56.2,50.7,61.6,51.1,46.4,51.9,57.2,44.7,48.2,57.3,58.7,48.3,51.0,41.0,58.8,46.0,53.2,39.0,57.4,56.8,49.9,58.6,59.0,57.2,64.8,55.5,55.2,55.2,201912.0
243,57.1,57.0,49.5,44.4,43.3,52.4,43.8,42.1,53.4,43.0,65.8,57.8,54.8,62.3,57.6,57.3,54.1,52.3,57.2,57.1,55.6,56.3,61.3,56.9,56.6,52.3,66.1,52.2,45.1,52.4,57.4,45.8,50.3,56.9,58.4,49.7,51.9,41.5,60.0,48.8,54.7,45.0,57.8,60.8,49.5,60.7,61.6,57.7,71.0,57.3,56.8,54.7,202001.0
